# Wlen (micron), (Rpl/Rs)^2, (Rpl/Rs)^2 error
2.870821137400156875e+00 1.097665510308985792e-02 3.019564774029874564e-04
2.872620326343430008e+00 1.144201473817039842e-02 2.994884118741060995e-04
2.874419515286703142e+00 1.145275020169956616e-02 2.973771663472629862e-04
2.876218690749064333e+00 1.144926322127691638e-02 2.947790339160172432e-04
2.878017865439865375e+00 1.109296613036332528e-02 2.915034480825560623e-04
2.879817026158352888e+00 1.119615472368212968e-02 2.889522060565535822e-04
2.881616186876840846e+00 1.121673008158593186e-02 2.867595112469841293e-04
2.883415347595328360e+00 1.082270033556280951e-02 2.851418570802989171e-04
2.885214506631204490e+00 1.166180637783368647e-02 2.837077002188797452e-04
2.887013653237631594e+00 1.087889949003955845e-02 2.823984165345045901e-04
2.888812797390378329e+00 1.156321011649519802e-02 2.815234750386265395e-04
2.890611929884966180e+00 1.082221730035268920e-02 2.807368820921002264e-04
2.892411062379554032e+00 1.132344163138359477e-02 2.800683672359560706e-04
2.894210194874141884e+00 1.171127444066562794e-02 2.787671463635538953e-04
2.896009323373352373e+00 1.090730746771421088e-02 2.772480329908655859e-04
2.897808441756322129e+00 1.116293550077037365e-02 2.754869464074789407e-04
2.899607560139292328e+00 1.143268603468827228e-02 2.740130976590189811e-04
2.901406678522262528e+00 1.148632609447960626e-02 2.727592530429548846e-04
2.903205791368636657e+00 1.093107540334161375e-02 2.718284454802837925e-04
2.905004895640210361e+00 1.123280529996623783e-02 2.708357408015223708e-04
2.906803968378163905e+00 1.119936326382364039e-02 2.696864578258860272e-04
2.908603002096075585e+00 1.165679206629912160e-02 2.684690601224180243e-04
2.910402090192308666e+00 1.197131623896004887e-02 2.672640973743063936e-04
2.912201232349171498e+00 1.159087181677821363e-02 2.662841482931956895e-04
2.914000337752343128e+00 1.095084673884682072e-02 2.655374302336754432e-04
2.915799413801787754e+00 1.076066643299127858e-02 2.650251411717321863e-04
2.917598481236141517e+00 1.099697601492205176e-02 2.645534229676553117e-04
2.919397543174853560e+00 1.123182416022239921e-02 2.641043023747317842e-04
2.921196605113566047e+00 1.134217716794072052e-02 2.637007841399821801e-04
2.922995667052278090e+00 1.102350598206077240e-02 2.633853812620206929e-04
2.924794718836572827e+00 1.127239091066693615e-02 2.631230946706998087e-04
2.926593766664773888e+00 1.093674708483761797e-02 2.629027990317017770e-04
2.928392803569213054e+00 1.140429398989373060e-02 2.626222317651412657e-04
2.930191837287124734e+00 1.149593603680524288e-02 2.622401126570485220e-04
2.931990871005036414e+00 1.064158048979428096e-02 2.617113701876669536e-04
2.933789904722947650e+00 1.100392761662563439e-02 2.611290073899968445e-04
2.935588925978716901e+00 1.122901298342843766e-02 2.605077629374388023e-04
2.937387945586559912e+00 1.092406990469686756e-02 2.599496250338066542e-04
2.939186951963407068e+00 1.134089286032620610e-02 2.594576499119267314e-04
2.940985957461403455e+00 1.194396716234762297e-02 2.590200304132336687e-04
2.942784962959399397e+00 1.171643330714630844e-02 2.585900638403069583e-04
2.944583967798590329e+00 1.119384564661001120e-02 2.581491065283130241e-04
2.946382959186960804e+00 1.092257672252626953e-02 2.577143541515811414e-04
2.948181949147942404e+00 1.113705243561544794e-02 2.572844091808176858e-04
2.949980926426908123e+00 1.060616711196537935e-02 2.568499391928102406e-04
2.951779903705874286e+00 1.124687434864820972e-02 2.563958578933940471e-04
2.953578880984840005e+00 1.119642038001660185e-02 2.558962822057880122e-04
2.955377855299706535e+00 1.111582850485191148e-02 2.554522568761322153e-04
2.957176818469489543e+00 1.101421320416884515e-02 2.550388603561251763e-04
2.958975766710854050e+00 1.125965767489568378e-02 2.546657929798927977e-04
2.960774673446117777e+00 1.137133492219847934e-02 2.543364713505905290e-04
2.962573610261957757e+00 1.123089885075903745e-02 2.540768598358904198e-04
2.964372611320698514e+00 1.108974748165406608e-02 2.537156222275739961e-04
2.966171587704434121e+00 1.134329316759016826e-02 2.532993635335138000e-04
2.967970522656514731e+00 1.143953605593249837e-02 2.526986937164617014e-04
2.969769457608595342e+00 1.120565425573561737e-02 2.521158762165132128e-04
2.971568392560676397e+00 1.102731837824728368e-02 2.515581425318676894e-04
2.973367313909819121e+00 1.096279262925818621e-02 2.511780247550072479e-04
2.975166220645082849e+00 1.129707117279322298e-02 2.508606938641467967e-04
2.976965127380346576e+00 1.087682662502610469e-02 2.506148799177112000e-04
2.978764034115610304e+00 1.108636467475457126e-02 2.503602965473575065e-04
2.980562940850874032e+00 1.143887613991126026e-02 2.500952742035187065e-04
2.982361847586137760e+00 1.099240285244454385e-02 2.498415800789906965e-04
2.984160736115546442e+00 1.111759742728497986e-02 2.495940486885487534e-04
2.985959614634878356e+00 1.142463728883023368e-02 2.493634734838509810e-04
2.987758493154210271e+00 1.093263802703872689e-02 2.492478171440267267e-04
2.989557371673542185e+00 1.112718031382629175e-02 2.492519978258470438e-04
2.991356250192874100e+00 1.107616243716275269e-02 2.498250367206114836e-04
2.993155128712205570e+00 1.104303942387588507e-02 2.505844554691783084e-04
2.994953984425637650e+00 1.074395436657398471e-02 2.516521116392698184e-04
2.996752834729922821e+00 1.130428558840163716e-02 2.519007409532117610e-04
2.998551685034207992e+00 1.079420221623370556e-02 2.513430069430332885e-04
3.000350535338492719e+00 1.113075626745186654e-02 2.500943945438525258e-04
3.002149385642777890e+00 1.108687587887101540e-02 2.488602703750342638e-04
3.003948235947063061e+00 1.133697450117098632e-02 2.482229506720235075e-04
3.005747058848274644e+00 1.088241296585106682e-02 2.478978897994725083e-04
3.007545880938398142e+00 1.123609632417712709e-02 2.478743668581325009e-04
3.009344703028521639e+00 1.133614958384530393e-02 2.482739040780791370e-04
3.011143525118645137e+00 1.114382741966601399e-02 2.489209988033905491e-04
3.012942347208768634e+00 1.121430938685822297e-02 2.503806928864605263e-04
3.014741157946951411e+00 1.123760233423157749e-02 2.519155639075617214e-04
3.016539895399900306e+00 1.106379705009736397e-02 2.535085898933937885e-04
3.018338655928147318e+00 1.082140666038741879e-02 2.529675328869631181e-04
3.020137515910895409e+00 1.121254869814993123e-02 2.518507985095920759e-04
3.021936359861428834e+00 1.112514201295639223e-02 2.503406929063710525e-04
3.023735153738275727e+00 1.097552991838752698e-02 2.492937832208267767e-04
3.025533939242151860e+00 1.105103245973171854e-02 2.487915622551161604e-04
3.027332704906606775e+00 1.087078526664497953e-02 2.487742916264754642e-04
3.029131470571062135e+00 1.141018561116181190e-02 2.489444267537923184e-04
3.030930236235517494e+00 1.051166290346170623e-02 2.495179697539716673e-04
3.032728990467459251e+00 1.109439249197546710e-02 2.503122105750125981e-04
3.034527727920407703e+00 1.101935337685909511e-02 2.514317215340318890e-04
3.036326465373356154e+00 1.079358863740314395e-02 2.524245848698804533e-04
3.038125202826305049e+00 1.100315600618907014e-02 2.533265638868102991e-04
3.039923940279253500e+00 1.127039275078177416e-02 2.530332080157053566e-04
3.041722677732201952e+00 1.109613246140796032e-02 2.525434491626582230e-04
3.043521399166015051e+00 1.119297215492063083e-02 2.516973251311006442e-04
3.045320108408341664e+00 1.145176504905405339e-02 2.510843523577051847e-04
3.047118817650668277e+00 1.071897379898026879e-02 2.506030270425577675e-04
3.048917526892995333e+00 1.141754618888221259e-02 2.504395573394973943e-04
3.050716236135321946e+00 1.085786025619600061e-02 2.502666439310341105e-04
3.052514945377649003e+00 1.178179306907883341e-02 2.500177591292595094e-04
3.054313634017088219e+00 1.112256180917601568e-02 2.498545467182609241e-04
3.056112315049678063e+00 1.146972034882168083e-02 2.497582298243480187e-04
3.057910996082267907e+00 1.134142850368511334e-02 2.496098502155938664e-04
3.059709677114857751e+00 1.083166251590488016e-02 2.494307120136575353e-04
3.061508358147448039e+00 1.087844230343055878e-02 2.491420687081808490e-04
3.063307039180037883e+00 1.080302673320036530e-02 2.488806382863510626e-04
3.065105695028858435e+00 1.071300779509492922e-02 2.486519379179901964e-04
3.066904347852596135e+00 1.142024931004125173e-02 2.484972924414747121e-04
3.068703000676334280e+00 1.112883585869049730e-02 2.483666868987480865e-04
3.070501653417434085e+00 1.116689784940537618e-02 2.482341527332898915e-04
3.072300221619924443e+00 1.139567531758301465e-02 2.481144055294132894e-04
3.074098796560022162e+00 1.143144713825982803e-02 2.480185396235524086e-04
3.075897487280782716e+00 1.101378323651016483e-02 2.479566307295188207e-04
3.077696170795518160e+00 1.131317497348761393e-02 2.479152416987856879e-04
3.079494795411288788e+00 1.091619120554670683e-02 2.480041192990874470e-04
3.081293415426880955e+00 1.039592370040358892e-02 2.481519686346401110e-04
3.083092011835569135e+00 1.068667359892628600e-02 2.484693421768036244e-04
3.084890608244256871e+00 1.149949917206280481e-02 2.487046997271181894e-04
3.086689204652945051e+00 1.113231838183933661e-02 2.488528996503695909e-04
3.088487801061633231e+00 1.066694848261229983e-02 2.485477931652001898e-04
3.090286397470321411e+00 1.130137538895267628e-02 2.481119204206766026e-04
3.092084984705625761e+00 1.063529702327886510e-02 2.476051008428042932e-04
3.093883552908116119e+00 1.120529341145872979e-02 2.471872930093514859e-04
3.095682121110606477e+00 1.123528479498712290e-02 2.469307945345637070e-04
3.097480689313096835e+00 1.095208779062327095e-02 2.467393157292787102e-04
3.099279257515587194e+00 1.113113558419272404e-02 2.465864531889020686e-04
3.101077825718077552e+00 1.102717340873176147e-02 2.465236059593812622e-04
3.102876380176847082e+00 1.096482391580870172e-02 2.464698716650713683e-04
3.104674920174024244e+00 1.084044943808531135e-02 2.464119373947678561e-04
3.106473460171201850e+00 1.093919995110940666e-02 2.463712054842091327e-04
3.108272000168379012e+00 1.106784491202470778e-02 2.463511985061532603e-04
3.110070540165556174e+00 1.100565966422633116e-02 2.463755102081059732e-04
3.111869080162733336e+00 1.088990124562497913e-02 2.464165650721278768e-04
3.113667601848722377e+00 1.141205516004217824e-02 2.464456083586297782e-04
3.115466113641470969e+00 1.094540630311635447e-02 2.464526286894239029e-04
3.117264625434220005e+00 1.117833307915659657e-02 2.464006755836672686e-04
3.119063137226968596e+00 1.081432629408191591e-02 2.463128284860544416e-04
3.120861627665654670e+00 1.130930028944076952e-02 2.461945906840464155e-04
3.122660111254859316e+00 1.070453438786097763e-02 2.461117434502101695e-04
3.124458549096363669e+00 1.059873952240175145e-02 2.460426180974030941e-04
3.126256976281134303e+00 1.135109011131543721e-02 2.460336525325432927e-04
3.128055509427225100e+00 1.135539689421458630e-02 2.460422770915067221e-04
3.129854059120659393e+00 1.102684370930289391e-02 2.460867747609400973e-04
3.131652522165610630e+00 1.103025843570114815e-02 2.462531680760164719e-04
3.133450977552155958e+00 1.096303069308648612e-02 2.465069485333274725e-04
3.135249432938701286e+00 1.025480434542472286e-02 2.468424958869168081e-04
3.137047888325246614e+00 1.108537524625570654e-02 2.471399767688018073e-04
3.138846343711791942e+00 1.090126585937629955e-02 2.469828157291379658e-04
3.140644796828803820e+00 1.143064462012943587e-02 2.467250685014893050e-04
3.142443224013574010e+00 1.143212950227414509e-02 2.462959779335837751e-04
3.144241651198344645e+00 1.119958651047878000e-02 2.460242173307049338e-04
3.146040078383115279e+00 1.094887434133111695e-02 2.458551985366207475e-04
3.147838500260424333e+00 1.122645938187512987e-02 2.458308788011071846e-04
3.149636899244304455e+00 1.107605924507163407e-02 2.458452318343695882e-04
3.151435298228184578e+00 1.073606991496194214e-02 2.459692100704173492e-04
3.153233697212064701e+00 1.099925121936027976e-02 2.461077882553024685e-04
3.155032096195944824e+00 1.116951836097557216e-02 2.462702540555290948e-04
3.156830495179824947e+00 1.151835683200645374e-02 2.463843837820957751e-04
3.158628884302136619e+00 1.085854810033722376e-02 2.464648964805532614e-04
3.160427255086010856e+00 1.147956386149603936e-02 2.463539065368418410e-04
3.162225625869884649e+00 1.088947900174843698e-02 2.462102687279387348e-04
3.164023996653758886e+00 1.109088905291601493e-02 2.460896677045557707e-04
3.165822367437632678e+00 1.131907102978125211e-02 2.460060713367986669e-04
3.167620738221506915e+00 1.122886416391969885e-02 2.459956500405678062e-04
3.169419094592572872e+00 1.073176122530039751e-02 2.460484295054939010e-04
3.171217437177325404e+00 1.081306278520985723e-02 2.461493532019774083e-04
3.173015779762077937e+00 1.131573217131396150e-02 2.463684770908820018e-04
3.174814122346830469e+00 1.107748169646541846e-02 2.466096997246868395e-04
3.176612447486677038e+00 1.077287574701973547e-02 2.467169136204137663e-04
3.178410761873192047e+00 1.105317157297083276e-02 2.467522993777424164e-04
3.180209038340851002e+00 1.097506875299911720e-02 2.466066751010712542e-04
3.182007296333544399e+00 1.105545767239947928e-02 2.464246490542754109e-04
3.183805622794770418e+00 1.091736128444717978e-02 2.462101304188945043e-04
3.185603975087096806e+00 1.089037063994566408e-02 2.461108443703783179e-04
3.187402275837191379e+00 1.114275724473403652e-02 2.460537671977090996e-04
3.189200562026353492e+00 1.108836535507842086e-02 2.461176581999367351e-04
3.190998848215515604e+00 1.112229758343063861e-02 2.461892258644774682e-04
3.192797134404677717e+00 1.083707460753058870e-02 2.462715387223839234e-04
3.194595395579455488e+00 1.098502793223464676e-02 2.463261085601969099e-04
3.196393653572148885e+00 1.150839102089274910e-02 2.463422022236893801e-04
3.198191911564841838e+00 1.129543852843810717e-02 2.463290895616172837e-04
3.199990169557535236e+00 1.116281991310893139e-02 2.463001955021114852e-04
3.201788427550228633e+00 1.066898001211185991e-02 2.463219286153534786e-04
3.203586684184254185e+00 1.100426514577861579e-02 2.463631359409013165e-04
3.205384913981362605e+00 1.100820782636312972e-02 2.465182897231274744e-04
3.207183143778471468e+00 1.105658357213419422e-02 2.466915207300225243e-04
3.208981373575580331e+00 1.087292903131292267e-02 2.469035288114200316e-04
3.210779603372688751e+00 1.075783390948358877e-02 2.470612600805996602e-04
3.212577833169797614e+00 1.137395528527041823e-02 2.471678222597029941e-04
3.214376057070352122e+00 1.139710642172255678e-02 2.473008875539827768e-04
3.216174258672760633e+00 1.106721671448309893e-02 2.474480922585854756e-04
3.217972460275169144e+00 1.116350433725419623e-02 2.480989465280856012e-04
3.219770661877577211e+00 1.065727116630713414e-02 2.488596631317318555e-04
3.221568854560146189e+00 1.109660737889223842e-02 2.499988745395344053e-04
3.223367027968738530e+00 1.033030497186896227e-02 2.506315166185674442e-04
3.225165201377330426e+00 1.147511430950284329e-02 2.503535669992749848e-04
3.226963374785922323e+00 1.113062273555117873e-02 2.496885471850597668e-04
3.228761548194514219e+00 1.093010941456878590e-02 2.487467607807550642e-04
3.230559721603106560e+00 1.136244020543710105e-02 2.482386407391448105e-04
3.232357854656839447e+00 1.121292753325322383e-02 2.478627163050734763e-04
3.234155943489287033e+00 1.036489715051575403e-02 2.478628880102729058e-04
3.235954097317458533e+00 1.116000532707259185e-02 2.478900576570219113e-04
3.237752308635521103e+00 1.097614378242954547e-02 2.479869669703787757e-04
3.239550464872709590e+00 1.117561924682809391e-02 2.480832293480792817e-04
3.241348581896321246e+00 1.128173953513185099e-02 2.481773383755940705e-04
3.243146698919932902e+00 1.072410581409242135e-02 2.482504689943241063e-04
3.244944815943544558e+00 1.095016437422058168e-02 2.483081268067479177e-04
3.246742932967156214e+00 1.074304080070225334e-02 2.483645112121191274e-04
3.248541049990767871e+00 1.134535195597645429e-02 2.484211310999080279e-04
3.250339146019843195e+00 1.080183150882103871e-02 2.485527854330802028e-04
3.252137234852290337e+00 1.078193305427700872e-02 2.486970038578619814e-04
3.253935323684737924e+00 1.075645386088212342e-02 2.488885358363102790e-04
3.255733412517185510e+00 1.090040082829591035e-02 2.490788705098307939e-04
3.257531477339546289e+00 1.109157756619063087e-02 2.492660321693282314e-04
3.259329537981713543e+00 1.067536751080694520e-02 2.494588625892313078e-04
3.261127598623880797e+00 1.121077907562561746e-02 2.496567062252970023e-04
3.262925659266048051e+00 1.069854972915034591e-02 2.498609614947792717e-04
3.264723719908215305e+00 1.116489089976366485e-02 2.500678942162551637e-04
3.266521780208854864e+00 1.085964949986505113e-02 2.502671352563099849e-04
3.268319812661625523e+00 1.096453172440689169e-02 2.504635785602623383e-04
3.270117845114396626e+00 1.087653720645333569e-02 2.506392052614194441e-04
3.271915877567167730e+00 1.083932750016969662e-02 2.508181385976045673e-04
3.273713906665843165e+00 1.117677060216550576e-02 2.510054869913217260e-04
3.275511910930101855e+00 1.093838814192847619e-02 2.512006550104622991e-04
3.277309915194360102e+00 1.062300619203972868e-02 2.514051817000974146e-04
3.279107919458618792e+00 1.077069084894129690e-02 2.516218528298757250e-04
3.280905923722877482e+00 1.117786887211340112e-02 2.518461042532203287e-04
3.282703927987136172e+00 1.064174850160234422e-02 2.521109445654331365e-04
3.284501924381258764e+00 1.106548804927818749e-02 2.523871713084549105e-04
3.286299900457888779e+00 1.066614010940255056e-02 2.527727642281632405e-04
3.288097857786085765e+00 1.099499536526270423e-02 2.532152025700248757e-04
3.289895777490110085e+00 1.096102379452467031e-02 2.539350526644709293e-04
3.291693733579070802e+00 1.058525093870020528e-02 2.547720708858265118e-04
3.293491747570291839e+00 1.142741628790295769e-02 2.558411442996159631e-04
3.295289732531229809e+00 1.049788966321875058e-02 2.567770083074854756e-04
3.297087680421114886e+00 1.103439258575592170e-02 2.575638504339007508e-04
3.298885628311000406e+00 1.131519261975292949e-02 2.575414485836524485e-04
3.300683576200885483e+00 1.085219957366445609e-02 2.570979388651463480e-04
3.302481508705013447e+00 1.087575936974078013e-02 2.562650140302471114e-04
3.304279428409037767e+00 1.073857101139050023e-02 2.553608852926786779e-04
3.306077348113062087e+00 1.067522696365091721e-02 2.549722789984430120e-04
3.307875267817085962e+00 1.116445296468154304e-02 2.546469104246239018e-04
3.309673169130515902e+00 1.104716793003467784e-02 2.546049703912891507e-04
3.311471060649562759e+00 1.063333024471685255e-02 2.545912565905788919e-04
3.313268952168609616e+00 1.095971982224914522e-02 2.546347206906699585e-04
3.315066843687656473e+00 1.092437775557087570e-02 2.546968388254819502e-04
3.316864713813180376e+00 1.081143422370803818e-02 2.547798202045883378e-04
3.318662577148133508e+00 1.091101686773012641e-02 2.548770062434553303e-04
3.320460440483086639e+00 1.144231002214228521e-02 2.549832351089600458e-04
3.322258303818039771e+00 1.088710002932369129e-02 2.551503711326971063e-04
3.324056167152992902e+00 1.083749020177999199e-02 2.553358704173698339e-04
3.325854030487946478e+00 1.146530229518020853e-02 2.555470770495048088e-04
3.327651867927511109e+00 1.078016799728783760e-02 2.557518837370706898e-04
3.329449703079254252e+00 1.064154116856968514e-02 2.558604393448044674e-04
3.331247538230997396e+00 1.104741886176373832e-02 2.559362108942573634e-04
3.333045372670613737e+00 1.097742785726297556e-02 2.559059802626299763e-04
3.334843179640030630e+00 1.071589094438953928e-02 2.559136431425709660e-04
3.336640986609447523e+00 1.090665938840620214e-02 2.559853475180075581e-04
3.338438793578863972e+00 1.092384735863840065e-02 2.560448822805521415e-04
3.340236600548280865e+00 1.118037808693746193e-02 2.560923328951817714e-04
3.342034407517697314e+00 1.089662500217401797e-02 2.561055648541550015e-04
3.343832198860010152e+00 1.098740284749102382e-02 2.561013418276025257e-04
3.345629921287748498e+00 1.074770299100271005e-02 2.561287420586777410e-04
3.347427672854455860e+00 1.062055393494683309e-02 2.561646854983795998e-04
3.349225517742850045e+00 1.058515296194098045e-02 2.562614391894954590e-04
3.351023335191128716e+00 1.089331566901619031e-02 2.563655511479084968e-04
3.352821085798543432e+00 1.063004612181790882e-02 2.565013262131257557e-04
3.354618836405957705e+00 1.074951330307592073e-02 2.566392098704763786e-04
3.356416587013371977e+00 1.078545174820072679e-02 2.567831795342399165e-04
3.358214326424765694e+00 1.104474202597584970e-02 2.569449921347613888e-04
3.360012048852504041e+00 1.115885721887749545e-02 2.571402804324255937e-04
3.361809771280242831e+00 1.098494026002890672e-02 2.573580955061348049e-04
3.363607493707981178e+00 1.072063743516512083e-02 2.576000426227095883e-04
3.365405216135719524e+00 1.083593233920949334e-02 2.578018792699113769e-04
3.367202938563457870e+00 1.127456567679907019e-02 2.579771296667360617e-04
3.369000645306595487e+00 1.146652363149050502e-02 2.581115667381551535e-04
3.370798339555541645e+00 1.069038853382660824e-02 2.582314719967734678e-04
3.372596033804487359e+00 1.092584180226865639e-02 2.583955670707390210e-04
3.374393728053433072e+00 1.068051289390663933e-02 2.585670482417453081e-04
3.376191403627462950e+00 1.062543341089820792e-02 2.586819661749260066e-04
3.377989069698499769e+00 1.119889660822883520e-02 2.587953395796445464e-04
3.379786735769536143e+00 1.113151958333794510e-02 2.589058478522326782e-04
3.381584401840572962e+00 1.056087804468088844e-02 2.590253826257187821e-04
3.383382067911609781e+00 1.103950865804783146e-02 2.591749730131741921e-04
3.385179733982646599e+00 1.104850374868501621e-02 2.593336138617728204e-04
3.386977376895861980e+00 1.101025662093314123e-02 2.595086121307490124e-04
3.388775014789872753e+00 1.086267132887417698e-02 2.596739533708720266e-04
3.390572652683883970e+00 1.099635632418637099e-02 2.598277840593385228e-04
3.392370290577894743e+00 1.059690808601415277e-02 2.599673260851050982e-04
3.394167902327630326e+00 1.097014854811174597e-02 2.600964500454231538e-04
3.395965512045498347e+00 1.057094937554296961e-02 2.602444054972095108e-04
3.397763066491954920e+00 1.037321504660020620e-02 2.604012637967925183e-04
3.399560623045033481e+00 1.097317009279361738e-02 2.605666256275903682e-04
3.401358270686993812e+00 1.118796362035246253e-02 2.607346957459928151e-04
3.403155912600128286e+00 1.119328551556191334e-02 2.609314305965392184e-04
3.404953494142737735e+00 1.132065727038169753e-02 2.611328290202998025e-04
3.406751075685346741e+00 1.089176869667557446e-02 2.613883848315660670e-04
3.408548657227955747e+00 1.133790051078931681e-02 2.617140469912758558e-04
3.410346233345140199e+00 1.096570248993668749e-02 2.625298381218636929e-04
3.412143786713373039e+00 1.063584638056611423e-02 2.634945874340255986e-04
3.413941340081605880e+00 1.121133322607241294e-02 2.649440225745945134e-04
3.415738893449839164e+00 1.125003428809667402e-02 2.659118084849606970e-04
3.417536446818072005e+00 1.111845189558082619e-02 2.658284599331945742e-04
3.419334000186304845e+00 1.089213503246538699e-02 2.653075258107188581e-04
3.421131533759117715e+00 1.082992798718793170e-02 2.642137319722713822e-04
3.422929030781247661e+00 1.068379035508953967e-02 2.634919257012320062e-04
3.424726527803378051e+00 1.086775639374455704e-02 2.631129992933770750e-04
3.426524024825508441e+00 1.141774707770498200e-02 2.629770892696506584e-04
3.428321521847638831e+00 1.051502617647069072e-02 2.629927314473775798e-04
3.430119018869768777e+00 1.123934669529575749e-02 2.630498747681106041e-04
3.431916515891899166e+00 1.119580784853963645e-02 2.631259910330119604e-04
3.433714012914029556e+00 1.130922787073469077e-02 2.634545320132563001e-04
3.435511509936159946e+00 1.046598796175869650e-02 2.638508556846252506e-04
3.437309006958289892e+00 1.104006686686819123e-02 2.643785864506310130e-04
3.439106469295901025e+00 1.110535080796606899e-02 2.649201192907921199e-04
3.440903909975460806e+00 1.062333383335278131e-02 2.646314417800171175e-04
3.442701350655020587e+00 1.087874441583005190e-02 2.643078334453485183e-04
3.444498791334580812e+00 1.063367892441409966e-02 2.638564827786388190e-04
3.446296232014140593e+00 1.070920302617541994e-02 2.634813283370637891e-04
3.448093672693700373e+00 1.121500138841433764e-02 2.635273711672064530e-04
3.449891113373260598e+00 1.106763989183923332e-02 2.636471723350922603e-04
3.451688554052820379e+00 1.059263757378156763e-02 2.640006422505838447e-04
3.453485901575068961e+00 1.116338966820881046e-02 2.642931152579091453e-04
3.455283229580083937e+00 1.113342460343523521e-02 2.644431981476428814e-04
3.457080665260174879e+00 1.095015698276360222e-02 2.645252212613772138e-04
3.458878115698977851e+00 1.042695372593502139e-02 2.645015310642722501e-04
3.460675504525661861e+00 1.088653287052872461e-02 2.645411731379625447e-04
3.462472888866183318e+00 1.063364940397331336e-02 2.646563491137386183e-04
3.464270273206705220e+00 1.090152841948286745e-02 2.648740816252145749e-04
3.466067657547226677e+00 1.033385100557115618e-02 2.651795301704548365e-04
3.467865041887748134e+00 1.028498647852913242e-02 2.652885302287922675e-04
3.469662421139369179e+00 1.042724221971865449e-02 2.652684130731233769e-04
3.471459749144383711e+00 1.078171517898376779e-02 2.651604211909886779e-04
3.473257077149398686e+00 1.097559447577810612e-02 2.650125730296732079e-04
3.475054405154413661e+00 1.079152488296827687e-02 2.650809529611965025e-04
3.476851733159428637e+00 1.162188919352834943e-02 2.652258924141180901e-04
3.478649061164443612e+00 1.085045946567583450e-02 2.655558706593450229e-04
3.480446389169458143e+00 1.122153267509729511e-02 2.659291116673901051e-04
3.482243717174473119e+00 1.092726139358209808e-02 2.660504884888698399e-04
3.484041028222133463e+00 1.074994304147726572e-02 2.661330911514070549e-04
3.485838299895172909e+00 1.081341264400999952e-02 2.660200515999169434e-04
3.487635571568212356e+00 1.047950855266677715e-02 2.658939789678507509e-04
3.489432843241251803e+00 1.078399162241723032e-02 2.658762380310696950e-04
3.491230114914291249e+00 1.132481829086301635e-02 2.658800525903968494e-04
3.493027386587331140e+00 1.096506866480413678e-02 2.661804697559574701e-04
3.494824658260370587e+00 1.106219657585734602e-02 2.665133880102312728e-04
3.496621929933410033e+00 1.082124169624103412e-02 2.670599835375094032e-04
3.498419201606449480e+00 1.087541306425559261e-02 2.675621321785040334e-04
3.500216473279489371e+00 1.077574799115797559e-02 2.678321228976960548e-04
3.502013713178390386e+00 1.059104952403391343e-02 2.679917365629067255e-04
3.503810928522985702e+00 1.079451753717738244e-02 2.677795465693307551e-04
3.505608143867581017e+00 1.069185660151536141e-02 2.676014133732199465e-04
3.507405359212176332e+00 1.074157576302520872e-02 2.675191209353674311e-04
3.509202536864733268e+00 1.066825239126859871e-02 2.675149692719737187e-04
3.510999695884414962e+00 1.084038123744616999e-02 2.676726015106869572e-04
3.512796943253766457e+00 1.108192016482546435e-02 2.679252230506651441e-04
3.514594224695724911e+00 1.118992732945426477e-02 2.683383025831748430e-04
3.516391411362038699e+00 1.016442803297011414e-02 2.688008036417193890e-04
3.518188570381720393e+00 1.077024045805940154e-02 2.693301726567147968e-04
3.519985729401401642e+00 1.072456699844102392e-02 2.697042924748767876e-04
3.521782888421083335e+00 1.058642650752244889e-02 2.698898548256651589e-04
3.523580047440765028e+00 1.110323120225618909e-02 2.699645556652092993e-04
3.525377206460446722e+00 1.077541071596713369e-02 2.699281104676307108e-04
3.527174365480127971e+00 1.047831092561615253e-02 2.698617469232470856e-04
3.528971524499809664e+00 1.065925813089512245e-02 2.697703936820556648e-04
3.530768628091879968e+00 1.058183188633600447e-02 2.697049149038788988e-04
3.532565730790178105e+00 1.117533195264715229e-02 2.696603475466651293e-04
3.534362833488476685e+00 1.047003033416787215e-02 2.697929760025117554e-04
3.536159936186774821e+00 1.059794345894626150e-02 2.700418899651640622e-04
3.537957038885072958e+00 1.048522428364328726e-02 2.703823564040755238e-04
3.539754141583371538e+00 1.095454583057952312e-02 2.707751124051867297e-04
3.541551244281669675e+00 1.128825234650576888e-02 2.711494902576579180e-04
3.543348346979967811e+00 1.092009063288707817e-02 2.715144678175436446e-04
3.545145449678266392e+00 1.110052994700921891e-02 2.717795655235872025e-04
3.546942538506780540e+00 1.084063922064238371e-02 2.719992827287443155e-04
3.548739584887225629e+00 1.064381795675806500e-02 2.719531725537772189e-04
3.550536631267670717e+00 1.056281840675570537e-02 2.718059269163692520e-04
3.552333677648115806e+00 1.082548498202444073e-02 2.716349692936272770e-04
3.554130724028560895e+00 1.065521787609110052e-02 2.714579542511294627e-04
3.555927770409005539e+00 1.073561435118755916e-02 2.714628502172308040e-04
3.557724816789450628e+00 1.046680454543311850e-02 2.715227925251618773e-04
3.559521863169895717e+00 1.060870242734144632e-02 2.717320271999494391e-04
3.561318858221498296e+00 1.121842448457730998e-02 2.719822481164777613e-04
3.563115791976825264e+00 1.070765855731689586e-02 2.723999706015875380e-04
3.564912787914336079e+00 1.016489224385204101e-02 2.728598797781992642e-04
3.566709844076594749e+00 1.121679888073178963e-02 2.734766283125202664e-04
3.568506863209040869e+00 1.110740525410007853e-02 2.741291946122518413e-04
3.570303853275162531e+00 1.079472032765441125e-02 2.746840880889999358e-04
3.572100843341283749e+00 1.134018007939287080e-02 2.752191132428729735e-04
3.573897833407405411e+00 1.064683970883946798e-02 2.752566060302719542e-04
3.575694786034959716e+00 1.078524967790220682e-02 2.752082574698919083e-04
3.577491719790286684e+00 1.039172619560303941e-02 2.749908590381969892e-04
3.579288653545614096e+00 1.078430668614558004e-02 2.747485916882047314e-04
3.581085587300941064e+00 1.114231743805410742e-02 2.745753123131779703e-04
3.582882521056268033e+00 1.140694590159800105e-02 2.744132553025029780e-04
3.584679454811595445e+00 1.102411264180160749e-02 2.743916761020709989e-04
3.586476388566922413e+00 1.080888663544121372e-02 2.743898451033286172e-04
3.588273322322249825e+00 1.084190851056481865e-02 2.745172295539167291e-04
3.590070256077576794e+00 1.069783654082454363e-02 2.746617875523766033e-04
3.591867189832903762e+00 1.020539951296285143e-02 2.748613395639461850e-04
3.593664071442836949e+00 1.066266794563377508e-02 2.750688034458397013e-04
3.595460948890898845e+00 1.065483434056298251e-02 2.753609411958670588e-04
3.597257826338961184e+00 1.070633134220846071e-02 2.756666841785264822e-04
3.599054703787023080e+00 1.070749382598984098e-02 2.762702082470330713e-04
3.600851581235084975e+00 1.076291096237742655e-02 2.769172111284860642e-04
3.602648458683146870e+00 1.078915092530998050e-02 2.778784189083904096e-04
3.604445336131208766e+00 1.090720933850225158e-02 2.788836643843905540e-04
3.606242205988025695e+00 1.084066694495160361e-02 2.791380486666700418e-04
3.608039027132351251e+00 1.056441077932945144e-02 2.792865151474616440e-04
3.609835848276676362e+00 1.042835375048542859e-02 2.788519760971719386e-04
3.611632669421001918e+00 1.088647302100389722e-02 2.783381525821526322e-04
3.613429490565327473e+00 1.075765720155964084e-02 2.780233079375110119e-04
3.615226311709652585e+00 1.070284767678716421e-02 2.777424441979703829e-04
3.617023116459428866e+00 1.044543206477381060e-02 2.777869492979397081e-04
3.618819881303545927e+00 1.001999813020862037e-02 2.778883687107079137e-04
3.620616668835515917e+00 1.092469084936311362e-02 2.781907701509633390e-04
3.622413499774543411e+00 1.048834979494383916e-02 2.785319559291076202e-04
3.624210304588653564e+00 1.085013395113468802e-02 2.788546370381125654e-04
3.626007069432771068e+00 1.051929559060420932e-02 2.791726974345273425e-04
3.627803834276888129e+00 1.065057461665406408e-02 2.793096994633790272e-04
3.629600599121005189e+00 1.085209309681254425e-02 2.794046738087247145e-04
3.631397363965122693e+00 1.110178945838052877e-02 2.795692576407348838e-04
3.633194128809239754e+00 1.070471416243300514e-02 2.797539011605881983e-04
3.634990862608403983e+00 1.053156485927476439e-02 2.800922499840566900e-04
3.636787571155841281e+00 1.090736955091983762e-02 2.804808748448834373e-04
3.638584279703278135e+00 1.073048572816526908e-02 2.812621273523906824e-04
3.640380988250714989e+00 1.091195017654985298e-02 2.821850628234806395e-04
3.642177696798152287e+00 1.084895516374278883e-02 2.832824153781787280e-04
3.643974405345589140e+00 1.089617485281417497e-02 2.844487984274121552e-04
3.645771113893026438e+00 1.085310642535164925e-02 2.845988595122916909e-04
3.647567822440463292e+00 1.045309529885307502e-02 2.842964657964770899e-04
3.649364488235477655e+00 1.102224290019186703e-02 2.836871999579986957e-04
3.651161140489762147e+00 1.108942976354987571e-02 2.829332719944730834e-04
3.652957792744046639e+00 1.079343816096788554e-02 2.825630485826609501e-04
3.654754444998331131e+00 1.071542828911922936e-02 2.824140251746164979e-04
3.656551097252615623e+00 1.020413802812144416e-02 2.824995977529621660e-04
3.658347749506900115e+00 1.033913347355958426e-02 2.827388773990766675e-04
3.660144401761184607e+00 1.117173124510910734e-02 2.828605249421453746e-04
3.661941054015469099e+00 1.058610095661888933e-02 2.828905981313627411e-04
3.663737706269754035e+00 1.066678343016064928e-02 2.828824118435453575e-04
3.665534357445245472e+00 1.047222337905144920e-02 2.828415033235688429e-04
3.667330953409905003e+00 1.044935960460448635e-02 2.828779654816139912e-04
3.669127545375722832e+00 1.056555288939435740e-02 2.829956062712622755e-04
3.670924085054284358e+00 1.010204500762043947e-02 2.831635535027818697e-04
3.672720639768924489e+00 1.065699301032836839e-02 2.833925841944902953e-04
3.674517301827572968e+00 1.062600568158889904e-02 2.836188468192474494e-04
3.676313952340750646e+00 1.032348307299752257e-02 2.838401337816017834e-04
3.678110548305409733e+00 1.098335992038335790e-02 2.840664458467996654e-04
3.679907131517750063e+00 1.059533040018838593e-02 2.843018438038449262e-04
3.681703671196311589e+00 1.081009333213488882e-02 2.845937256043719202e-04
3.683500210874873115e+00 1.068896070973062405e-02 2.850097088315651887e-04
3.685296750553434197e+00 1.030057267847232956e-02 2.855067531631932031e-04
3.687093290231995724e+00 1.046371559891058102e-02 2.862257038078293227e-04
3.688889829910556806e+00 1.050142457255682192e-02 2.869468036184170370e-04
3.690686369589118332e+00 1.056238498435070096e-02 2.876547521347466631e-04
3.692482909267679858e+00 1.082136064797936496e-02 2.883361752927605980e-04
3.694279424528728928e+00 1.058777548394339990e-02 2.888546063212366088e-04
3.696075907924718962e+00 1.094924418964361365e-02 2.893279669278113410e-04
3.697872391320708996e+00 1.057792847846512202e-02 2.894029816384611283e-04
3.699668874716699030e+00 1.083483294024814581e-02 2.894425574217969780e-04
3.701465358112689064e+00 1.055703690322216427e-02 2.888281921384891807e-04
3.703261841508679098e+00 1.091959691626022411e-02 2.882141382872222923e-04
3.705058324904668687e+00 1.109649619745398975e-02 2.877769044004183292e-04
3.706854808300658721e+00 1.011789214015174423e-02 2.873497278419037747e-04
3.708651255629145549e+00 1.031995818402340129e-02 2.873261814511459582e-04
3.710447682746090603e+00 1.104448734719212441e-02 2.873434308935499159e-04
3.712244109863035657e+00 1.079467641629486101e-02 2.875272444211907389e-04
3.714040536979980711e+00 1.101143052212680273e-02 2.877420633576809289e-04
3.715836964096925321e+00 1.054941059758732376e-02 2.880253217646845795e-04
3.717633391213870375e+00 1.052184306343851954e-02 2.883284264068279460e-04
3.719429818330815429e+00 1.061932211730908654e-02 2.886358219698287124e-04
3.721226245447760483e+00 1.052961730366364090e-02 2.889459236725841441e-04
3.723022624862410090e+00 1.091829501282320231e-02 2.893139496241849237e-04
3.724818995703835789e+00 1.043741944395667511e-02 2.897193767074873836e-04
3.726615315940308815e+00 1.026070151399996987e-02 2.907009337546026832e-04
3.728411630509741670e+00 1.048392875560840917e-02 2.921358857374680242e-04
3.730208061431742994e+00 1.050303771545270382e-02 2.945970882322487220e-04
3.732004498204569032e+00 1.007571778706846562e-02 2.981635478275778415e-04
3.733800869045994730e+00 1.060979538165687797e-02 3.015609895159455608e-04
3.735597236844391933e+00 1.069458619829856752e-02 3.046311585900496528e-04
3.737393551413824788e+00 1.062248009467571010e-02 3.065728670544446994e-04
3.739189865983257199e+00 1.109040795789296811e-02 3.062226459822795324e-04
3.740986180552690055e+00 1.042623555769237563e-02 3.051706336910458249e-04
3.742782495122122910e+00 1.039837846160454257e-02 3.022705688878058860e-04
3.744578809691555321e+00 1.089903584142861565e-02 2.998472089670078727e-04
3.746375124260988176e+00 1.095485559824666694e-02 2.992939732779908166e-04
3.748171438830421032e+00 1.085189533108441191e-02 2.987913619079333831e-04
3.749967738748896107e+00 1.033849263683433300e-02 2.985972969189707479e-04
3.751763997049860855e+00 1.047718781109282203e-02 2.983936486396734813e-04
3.753560255350825603e+00 1.050034401867080622e-02 2.971932530203706181e-04
3.755356513651790795e+00 1.045205040489139044e-02 2.960024858366737508e-04
3.757152771952755543e+00 1.016539254960787016e-02 2.952084126525062239e-04
3.758949030253720291e+00 1.081273594701608921e-02 2.944622428968134489e-04
3.760745288554685040e+00 1.096850496331822772e-02 2.941322433562924290e-04
3.762541546855649788e+00 1.079587836594110388e-02 2.938958768357553342e-04
3.764337778912919763e+00 1.121155000439289125e-02 2.938375953959377110e-04
3.766133980948942028e+00 1.084896369022429405e-02 2.938469503592078930e-04
3.767930182984963849e+00 1.093937685430929584e-02 2.939509615265492072e-04
3.769726385020985671e+00 1.064871486962245054e-02 2.941104081324091499e-04
3.771522587057007492e+00 1.089056391528557370e-02 2.942936661672974278e-04
3.773318789093029313e+00 1.063279439307673012e-02 2.944975214441397215e-04
3.775114991129051578e+00 1.052004665644787514e-02 2.947119408403861399e-04
3.776911193165073399e+00 1.064379182536118532e-02 2.949397456363844804e-04
3.778707357379851306e+00 1.028653448152878035e-02 2.951625868078921718e-04
3.780503503154455380e+00 1.054760424968771530e-02 2.953748535551122727e-04
3.782299608219001019e+00 1.020137269353086316e-02 2.955873857893140562e-04
3.784095697735711195e+00 1.048526051517121617e-02 2.958001806350866211e-04
3.785891882068742831e+00 1.097808566210790697e-02 2.960571485443636193e-04
3.787688093934874711e+00 1.082962348791047594e-02 2.966162810451092031e-04
3.789484251189977115e+00 1.041852803884758469e-02 2.971916074804181632e-04
3.791280396964580746e+00 1.100167806344749290e-02 2.983000051869903638e-04
3.793076493362444346e+00 1.013386550258888949e-02 2.994207601854660650e-04
3.794872582879154521e+00 1.054013195271942711e-02 3.000107593837283938e-04
3.796668672395864252e+00 1.095044948241185971e-02 3.005335132888658015e-04
3.798464761912574428e+00 1.071320418617378520e-02 3.001315311340958824e-04
3.800260851429284603e+00 1.042046424538972151e-02 2.994804019593222443e-04
3.802056939164010885e+00 1.069222535924771109e-02 2.990568654376950502e-04
3.803852972426351009e+00 1.023693182430776907e-02 2.987476535916979391e-04
3.805649005688691577e+00 1.092980314524377369e-02 2.987361252734897364e-04
3.807445038951031702e+00 1.126471508957578756e-02 2.989635689876178355e-04
3.809241072213371826e+00 1.053969760745945491e-02 2.993973325156154314e-04
3.811037105475712394e+00 1.053532884541401489e-02 3.000972285141245439e-04
3.812833138738052519e+00 1.096164999261034848e-02 3.008975981004211888e-04
3.814629172000392643e+00 1.041856527554664916e-02 3.019059983568535581e-04
3.816425191945043149e+00 1.067722634107290923e-02 3.028157062291203299e-04
3.818221168956537515e+00 1.093424137389997775e-02 3.032785699613321242e-04
3.820017145968031436e+00 1.086201061632062655e-02 3.036786988136713056e-04
3.821813122979525801e+00 9.927355148881185712e-03 3.032963349691502816e-04
3.823609099991020166e+00 1.099404252399483264e-02 3.029074318837291294e-04
3.825405077002514531e+00 1.096916306289829647e-02 3.022687767879255003e-04
3.827201054014008452e+00 1.065809956178710889e-02 3.016184056612639369e-04
3.828997031025502817e+00 1.064162812538837870e-02 3.013245822121608645e-04
3.830792983198778145e+00 1.047863645351092103e-02 3.011194797564693349e-04
3.832588903962949711e+00 1.069528336866479648e-02 3.011035857804712692e-04
3.834384797013730584e+00 1.145402059977046298e-02 3.011796438794251980e-04
3.836180661534102754e+00 1.043352014200303081e-02 3.013009281696093730e-04
3.837976592582599267e+00 1.021351343810826540e-02 3.014603847032667778e-04
3.839772579437066735e+00 1.083618509154303869e-02 3.016385461492903579e-04
3.841568526973778042e+00 1.078319573910564537e-02 3.018437372554362693e-04
3.843364447737949607e+00 1.051675986046110046e-02 3.020591004841240352e-04
3.845160332165413752e+00 1.068983387225863613e-02 3.023009021176237417e-04
3.846956196685785923e+00 1.116663983245821078e-02 3.025458700548520961e-04
3.848752061206157649e+00 1.075548572779262690e-02 3.028070934243273457e-04
3.850547925726529819e+00 1.093209165025998790e-02 3.030694585955536163e-04
3.852343790246901989e+00 1.061831168218324919e-02 3.033782959503558913e-04
3.854139654767274159e+00 1.044731080160797750e-02 3.036898248389425896e-04
3.855935519287645885e+00 1.061264771820778427e-02 3.040796798878302393e-04
3.857731383808018055e+00 1.108187514575459214e-02 3.044870955505733540e-04
3.859527200501499333e+00 1.042825964937282857e-02 3.049322026669535864e-04
3.861323008781594623e+00 1.082775913175903874e-02 3.053941156968702263e-04
3.863118817061689914e+00 1.004828785164972246e-02 3.056419564679241190e-04
3.864914625341785204e+00 1.114779558979153533e-02 3.057049331725910789e-04
3.866710433621880050e+00 1.053732643358137530e-02 3.057167820887650455e-04
3.868506241901975340e+00 1.015453207205270145e-02 3.056511884634585349e-04
3.870302050182070630e+00 1.066139517392394008e-02 3.056400700246977181e-04
3.872097855397015564e+00 1.047627604466745341e-02 3.058052718704478432e-04
3.873893607440356490e+00 1.064246339914405766e-02 3.059867951645536756e-04
3.875689359483696972e+00 9.807822629708036477e-03 3.063282617491005556e-04
3.877485111527037898e+00 1.086305336917424251e-02 3.066717607483539654e-04
3.879280863570378379e+00 1.069612096418515873e-02 3.069764171238729142e-04
3.881076615613719305e+00 1.063743362526421536e-02 3.072790926484140431e-04
3.882872355994430258e+00 1.110133899859648554e-02 3.076992440576258709e-04
3.884668051804538891e+00 1.096470157868215632e-02 3.081595176695192998e-04
3.886463747614647080e+00 1.076401648044473906e-02 3.086752778672793244e-04
3.888259443424755268e+00 1.072401149646412186e-02 3.092280952753626738e-04
3.890055121848406738e+00 1.047251457576405323e-02 3.095434297095038881e-04
3.891850761428804262e+00 1.024905390333714916e-02 3.095446219099388875e-04
3.893646445049633975e+00 1.081435888370761364e-02 3.095879544220534905e-04
3.895442206948804387e+00 1.136339162209329227e-02 3.097533304765512493e-04
3.897237918588576377e+00 1.090534741129477007e-02 3.099775329867915461e-04
3.899033558168974345e+00 1.039022751234392437e-02 3.107122879806033288e-04
3.900829197749371868e+00 1.105792883473358072e-02 3.114578904905918651e-04
3.902624837329769392e+00 1.085563706508194982e-02 3.124187944557507680e-04
3.904420476910167359e+00 1.014727175161325191e-02 3.134029757433688668e-04
3.906216116490564882e+00 1.025341358819420283e-02 3.137976580355413578e-04
3.908011756070962406e+00 1.091015369514162885e-02 3.139885170868099646e-04
3.909807395651360373e+00 1.074631178315588360e-02 3.138659732741460955e-04
3.911603000694381826e+00 1.039717396985921291e-02 3.135127433814933009e-04
3.913398584048590312e+00 1.036873974019964471e-02 3.131687931404143559e-04
3.915194167402798797e+00 1.112674576396863700e-02 3.128414056513687870e-04
3.916989750757007283e+00 1.065471526753687496e-02 3.125921847558042342e-04
3.918785334111215768e+00 1.060439343468287492e-02 3.126143534979782977e-04
3.920580917465423809e+00 1.121773536471319666e-02 3.126470854844443288e-04
3.922376500819632295e+00 1.026475364604699861e-02 3.128736767666026358e-04
3.924172084173840780e+00 1.015767240009387597e-02 3.131024290135078227e-04
3.925967621572606703e+00 1.056455940816161676e-02 3.133530494674001128e-04
3.927763148704146889e+00 1.087840078928874014e-02 3.136082374811485665e-04
3.929558675835687076e+00 1.028604619646712216e-02 3.138624013451672082e-04
3.931354202967227263e+00 1.070538259553721443e-02 3.141164133123315431e-04
3.933149730098767449e+00 1.074333550975680937e-02 3.143829586058800450e-04
3.934945257230307636e+00 1.064553981422355737e-02 3.146638297605113509e-04
3.936740729854941279e+00 1.099824112041533630e-02 3.150025641631364450e-04
3.938536200767333906e+00 1.077967065163022362e-02 3.154852099250466985e-04
3.940331671679726977e+00 1.056027978544924958e-02 3.160110712502089600e-04
3.942127142592119604e+00 1.071359813927731316e-02 3.169174214316850696e-04
3.943922613504512231e+00 1.064634880812343788e-02 3.178332554177658266e-04
3.945718077585526284e+00 1.026518160360860230e-02 3.185938049742925628e-04
3.947513492282291647e+00 1.067195159620374680e-02 3.193337354585334704e-04
3.949308918353984232e+00 9.950464869810391258e-03 3.193759615935732113e-04
3.951104399138267276e+00 1.059701785446728536e-02 3.191094921530637286e-04
3.952899865207751606e+00 1.078990162854201289e-02 3.189329367429894532e-04
3.954695279904517413e+00 1.043619723445918766e-02 3.188500863407908790e-04
3.956490694601282776e+00 1.047714082706878956e-02 3.188452730527999894e-04
3.958286109298048583e+00 1.037955392234954539e-02 3.190232822334782177e-04
3.960081523994814390e+00 1.024206960903785782e-02 3.191997838052356589e-04
3.961876938691580197e+00 1.038955471191133767e-02 3.193455765517820241e-04
3.963672332339684079e+00 1.063473702575593385e-02 3.194920893549871104e-04
3.965467690824342473e+00 1.074386687694289452e-02 3.197257227557334961e-04
3.967263049309001310e+00 1.075189274921991775e-02 3.199724468351037676e-04
3.969058407793660148e+00 1.053158848148433128e-02 3.202792303269012971e-04
3.970853766278318986e+00 1.093330957536116366e-02 3.206159303869413773e-04
3.972649124762977380e+00 1.063993147922371457e-02 3.209401505510373217e-04
3.974444453678434019e+00 1.063929357517351577e-02 3.212493195007703095e-04
3.976239755954505295e+00 1.068158209827418242e-02 3.215458424164857566e-04
3.978035058230577015e+00 1.055776325551216824e-02 3.218034123095884439e-04
3.979830360506648290e+00 1.083897042529000272e-02 3.220634993627370158e-04
3.981625662782720010e+00 1.074780434616805919e-02 3.223773402105185502e-04
3.983420965058791285e+00 1.056575164289273207e-02 3.226926651284580273e-04
3.985216267334863005e+00 1.017541671374266182e-02 3.230372960617857955e-04
3.987011569610934281e+00 1.067224943457729600e-02 3.233897460149896277e-04
3.988806830971610040e+00 1.044037026157063584e-02 3.237459675122679047e-04
3.990602077042614049e+00 1.091129027793488922e-02 3.241050199053413061e-04
3.992397323113617613e+00 1.044850937235221149e-02 3.244529129621688936e-04
3.994192569184621178e+00 1.000710734625892898e-02 3.247812079809670903e-04
3.995987768675984597e+00 1.041282297255557640e-02 3.250991958044635436e-04
3.997782958545439413e+00 1.071255436814674486e-02 3.253568262467997725e-04
3.999578206514673440e+00 1.039148397467392661e-02 3.256147054387349368e-04
4.001373462470408704e+00 1.042657771656976123e-02 3.258859934702940824e-04
4.003168657002689201e+00 1.042663895265406176e-02 3.261594722693681087e-04
4.004963846872144018e+00 1.087184503814534776e-02 3.264857660450187619e-04
4.006759036741598834e+00 1.088820879506369882e-02 3.268374971238608632e-04
4.008554226611054538e+00 1.030489611997733798e-02 3.273129850843462473e-04
4.010349416480509355e+00 1.062623484547664532e-02 3.279347178775749252e-04
4.012144601825720969e+00 1.033568966278011411e-02 3.286701019010838530e-04
4.013939735497145556e+00 1.036955589924389541e-02 3.297742824165714290e-04
4.015734869168571031e+00 1.074372568850780543e-02 3.308910257343000943e-04
4.017530002839995618e+00 1.072237585769887820e-02 3.318276720962518955e-04
4.019325136511421093e+00 9.858190476859035947e-03 3.327644186066365918e-04
4.021120270182845680e+00 1.047581246013752458e-02 3.331104766077221070e-04
4.022915403854271155e+00 1.008859771767841099e-02 3.332552496826673028e-04
4.024710537525695742e+00 1.025038725087443550e-02 3.330246191784141225e-04
4.026505655368405101e+00 1.076900757397303808e-02 3.324424072913727875e-04
4.028300732845319310e+00 1.055090679900478993e-02 3.319697662025623808e-04
4.030095810322232630e+00 1.089157769091040132e-02 3.317873080815674728e-04
4.031890887799145951e+00 1.055552191509415844e-02 3.316207553108782135e-04
4.033685965276059271e+00 1.045072380699867479e-02 3.318476807933096076e-04
4.035481042752972591e+00 1.095404585896139933e-02 3.320790790511930443e-04
4.037276095934415387e+00 1.122185880677126039e-02 3.324454353756738870e-04
4.039071117220335516e+00 1.098851009491387358e-02 3.328541082405623414e-04
4.040866138506254757e+00 1.082186368543615676e-02 3.334844848318752161e-04
4.042661159792174885e+00 1.054414107328901021e-02 3.343172144360093048e-04
4.044456181078095014e+00 1.072962882918977907e-02 3.353329975887413034e-04
4.046251202364015143e+00 1.063732315339847335e-02 3.368120580274619317e-04
4.048046223649935271e+00 1.012517734411273913e-02 3.382901195440544398e-04
4.049841244935855400e+00 1.027095075662195177e-02 3.390192940992891668e-04
4.051636230651920023e+00 1.087046843360108331e-02 3.397401980700212099e-04
4.053431195750365035e+00 1.050219816628595627e-02 3.395723919557230939e-04
4.055226160848809158e+00 1.102987759406476656e-02 3.391288644466725652e-04
4.057021125947253282e+00 1.053337285260706399e-02 3.386213547732418671e-04
4.058816091045697405e+00 1.106574788723234913e-02 3.380559573397057477e-04
4.060611056144141529e+00 1.089912594599276238e-02 3.376496551159883998e-04
4.062405977228847220e+00 1.040745231111665954e-02 3.377110236402043023e-04
4.064200886143333413e+00 1.074134368763082770e-02 3.377803176885680876e-04
4.065995795057818718e+00 1.055212245322212708e-02 3.384093740910787710e-04
4.067790703972304911e+00 1.101180939739411675e-02 3.390555247613421261e-04
4.069585612886791104e+00 1.033104059789258233e-02 3.397475430592067054e-04
4.071380521801277297e+00 1.042492307209487781e-02 3.404580762117562784e-04
4.073175430715763490e+00 1.099565114562297587e-02 3.408434639662819682e-04
4.074970339630248795e+00 1.075726856019325502e-02 3.408308952477805587e-04
4.076765193286690625e+00 1.041489334164672105e-02 3.408532790039907117e-04
4.078560046020735186e+00 1.016888009781950070e-02 3.410419274670593057e-04
4.080354898754779747e+00 1.117857859659199780e-02 3.412364387380084586e-04
4.082149742101154111e+00 1.090118312188515133e-02 3.419899096935917850e-04
4.083944482484866079e+00 1.066970226865260850e-02 3.428100540089862812e-04
4.085739247997103973e+00 1.047230110964850712e-02 3.437677869696816177e-04
4.087534176718310874e+00 1.115321035690943624e-02 3.448086323712756742e-04
4.089329081223417539e+00 1.057487757440072652e-02 3.456013660168381083e-04
4.091123877780538542e+00 1.055709042115753581e-02 3.459380951922989833e-04
4.092918674337658658e+00 1.007868937556550062e-02 3.462122220386434240e-04
4.094713470894778773e+00 1.010667496399477935e-02 3.458397023951957378e-04
4.096508267451899776e+00 1.134409608982582009e-02 3.454636031407085019e-04
4.098303064009019892e+00 1.092429075571291555e-02 3.451133489763784216e-04
4.100097841859956738e+00 1.057213618573059170e-02 3.447723124109086375e-04
4.101892582243669594e+00 1.086941569739031770e-02 3.446623757084264750e-04
4.103687322627382450e+00 1.055227825350123216e-02 3.447716464098312165e-04
4.105482063011094418e+00 1.061317604045079917e-02 3.449309726153783383e-04
4.107276803394807274e+00 1.082723899575686356e-02 3.452511340247067296e-04
4.109071543778520130e+00 1.062015388132993982e-02 3.455734098757946610e-04
4.110866257054363260e+00 1.083105009403713404e-02 3.458951797100157837e-04
4.112660941268183379e+00 1.031149516147876304e-02 3.462173606874274713e-04
4.114455625482004386e+00 1.047645316631674699e-02 3.465079022815485427e-04
4.116250309695825393e+00 1.015703326921733873e-02 3.467815064339458851e-04
4.118044993909645513e+00 1.097518360060975064e-02 3.470780763892467209e-04
4.119839678123466520e+00 1.125679917019493069e-02 3.474159528347120713e-04
4.121634362337287527e+00 1.102677015432966708e-02 3.477600464646743027e-04
4.123429046551107646e+00 1.051937600877208417e-02 3.481760064304811561e-04
4.125223692469361048e+00 1.109525724382058598e-02 3.485939252659133814e-04
4.127018320516805616e+00 1.114440688931235546e-02 3.489999329512572207e-04
4.128812948564250185e+00 9.865306992927981924e-03 3.494028665721088975e-04
4.130607576611694753e+00 1.034368070110854888e-02 3.497773767984516612e-04
4.132402204659139322e+00 1.055463202440810010e-02 3.501181920026273501e-04
4.134196832706583891e+00 1.089874371268957469e-02 3.504459751993290687e-04
4.135991414079620121e+00 1.065995786522424237e-02 3.507045876918772815e-04
4.137785985964204549e+00 1.113336524346358533e-02 3.509638960512431673e-04
4.139580557848788089e+00 1.073264462784056898e-02 3.513088995373246106e-04
4.141375129733372518e+00 1.058020086562470354e-02 3.516706775404210652e-04
4.143169701617956946e+00 1.028853204322464215e-02 3.521191314478552803e-04
4.144964273502540486e+00 1.072170977693105189e-02 3.526403541149988646e-04
4.146758845387124914e+00 1.017867607581640632e-02 3.531484569865399326e-04
4.148553415598994043e+00 1.108269574667856971e-02 3.536084987613896582e-04
4.150347931324232853e+00 1.046126744839792622e-02 3.540682599818526411e-04
4.152142447049470775e+00 1.042486693984244137e-02 3.543123537227226808e-04
4.153936962774709585e+00 1.113036260347976050e-02 3.545391508222870205e-04
4.155731478499948395e+00 1.079620373857192485e-02 3.549126003286511358e-04
4.157525994225187205e+00 1.090644195759547797e-02 3.553814785166853601e-04
4.159320499918192304e+00 1.134606359239557528e-02 3.559282473667987412e-04
4.161114959487600018e+00 1.070574347604073655e-02 3.566548674118836713e-04
4.162909419057007732e+00 1.100036292665169946e-02 3.573900622814796344e-04
4.164703878626415445e+00 1.010263600372011961e-02 3.584917012792722358e-04
4.166498338195824047e+00 1.025638630256965438e-02 3.596152079999924249e-04
4.168292797765231761e+00 1.110409056351893860e-02 3.608064512264066363e-04
4.170087238954215181e+00 9.913793542777707066e-03 3.620359383027830992e-04
4.171881642371307208e+00 1.051235694994022939e-02 3.627329549926454517e-04
4.173676045788398348e+00 1.038407134100809669e-02 3.623550907949828833e-04
4.175470449205490375e+00 1.078810791451681461e-02 3.619630052604190301e-04
4.177264852622582403e+00 1.124747311781510752e-02 3.610993912643840984e-04
4.179059256039673542e+00 1.062666086402895387e-02 3.602419196034029980e-04
4.180853659456765570e+00 9.789786081939585299e-03 3.598480839885242664e-04
4.182648062873857597e+00 1.112587222913159063e-02 3.596753261786177539e-04
4.184442436794322262e+00 1.121261172324077016e-02 3.596229418463376087e-04
4.186236784062611349e+00 1.025088322727845010e-02 3.597899414444194455e-04
4.188031131330901324e+00 1.043606939789855706e-02 3.599601772220393874e-04
4.189825478599190411e+00 1.088019285170992341e-02 3.601884203965299261e-04
4.191619755777161060e+00 1.089856531822439890e-02 3.604178051738925951e-04
4.193413990758387833e+00 1.061498264482173097e-02 3.606746502354764750e-04
4.195208352564169019e+00 1.069616197022603757e-02 3.609453854934560526e-04
4.197002775845668054e+00 1.091338826672975069e-02 3.612737735957421070e-04
4.198797103605870440e+00 1.064521997830586257e-02 3.617112661492198167e-04
4.200591394728871997e+00 1.043098571536873499e-02 3.621539026349148782e-04
4.202385685851873554e+00 1.119348569991191790e-02 3.628437758003732246e-04
4.204179976974874222e+00 1.113697976938400613e-02 3.635387129460999445e-04
4.205974268097875779e+00 1.088310301864279551e-02 3.641231792056848476e-04
4.207768559220877336e+00 1.069630815825130254e-02 3.646497577500444447e-04
4.209562801449409086e+00 1.097693303259592197e-02 3.650439494515795398e-04
4.211357036430635858e+00 1.016236341960620113e-02 3.651527739222748883e-04
4.213151271411862631e+00 1.011525659104754379e-02 3.652576925226750184e-04
4.214945506393088515e+00 1.041645609187506066e-02 3.651308042815296366e-04
4.216739741374315287e+00 1.149313028786974958e-02 3.649960923513047447e-04
4.218533975296781868e+00 1.105436808778156692e-02 3.650122467600458356e-04
4.220328154139746601e+00 1.090925570591185986e-02 3.651221006884521015e-04
4.222122332982711335e+00 1.114939920531416405e-02 3.652916633384867425e-04
4.223916511825676956e+00 1.099332464162413106e-02 3.656197467717389803e-04
4.225710690668641689e+00 1.055000508907730054e-02 3.659501119224891036e-04
4.227504869511606422e+00 1.028185926526052965e-02 3.663055927745482348e-04
4.229299039001063854e+00 1.080336083831193866e-02 3.666646525956210410e-04
4.231093161709280182e+00 1.076949141104971593e-02 3.670271723293132217e-04
4.232887284417495621e+00 1.126730843638982550e-02 3.673926427581734769e-04
4.234681407125711949e+00 1.063458199774229215e-02 3.677590818662322182e-04
4.236475529833928277e+00 1.162915531309836187e-02 3.681260208553932371e-04
4.238269652542143717e+00 1.117391209182482491e-02 3.684946850718236774e-04
4.240063757613421025e+00 1.080437631556594065e-02 3.689313776503984430e-04
4.241857824190400805e+00 1.072288664355800815e-02 3.693843512820548761e-04
4.243651890767380586e+00 1.064754770787922251e-02 3.699974835755845252e-04
4.245445957344360366e+00 1.086541110506482853e-02 3.707906247449807569e-04
4.247240023921339258e+00 1.184181295052067276e-02 3.716082988738382185e-04
4.249034090498319038e+00 1.151882604499373727e-02 3.725737804779238383e-04
4.250828157075298819e+00 1.076340158357607171e-02 3.735420635355035548e-04
4.252622223652278599e+00 1.112016310999806856e-02 3.737624667584854630e-04
4.254416261562461443e+00 1.035012010863126629e-02 3.737114924566341061e-04
4.256210272011716533e+00 1.163298659816430942e-02 3.735887792394628881e-04
4.258004282460972512e+00 1.086997827998219431e-02 3.733477533353638726e-04
4.259798292910227602e+00 1.014691917559363069e-02 3.731095308494532573e-04
4.261592303359483580e+00 1.138052725130158857e-02 3.732911642253461458e-04
4.263386313808738670e+00 1.056008613393162945e-02 3.734790748181139098e-04
4.265180287330563758e+00 1.036224461590093751e-02 3.737518307013565182e-04
4.266974241655606903e+00 1.024607866100598133e-02 3.740777173530052883e-04
4.268768195980650049e+00 1.099765440765537554e-02 3.744030341253793207e-04
4.270562150305693194e+00 1.140506705584910623e-02 3.747235574288639557e-04
4.272356104630736340e+00 1.049552962900893692e-02 3.750445758238109381e-04
4.274150058955779485e+00 1.083360702803607377e-02 3.753299304311910069e-04
4.275943968104068738e+00 1.093971883397654686e-02 3.756097293376196508e-04
4.277737866308410908e+00 1.081851061312123427e-02 3.758869048266845242e-04
4.279531764512753078e+00 1.094027335619422205e-02 3.761611903225913107e-04
4.281325662717095248e+00 1.087865578371655269e-02 3.764374186713604123e-04
4.283119560921437419e+00 1.076059202389502770e-02 3.767269980149954862e-04
4.284913459125779589e+00 1.109564849268918074e-02 3.770177083989527237e-04
4.286707357330121759e+00 1.144998914079027770e-02 3.773572921960268540e-04
4.288501255489936881e+00 1.037775481687538102e-02 3.777182754893951082e-04
4.290295097577089933e+00 1.091111644700349347e-02 3.780701966577719800e-04
4.292088939664242098e+00 1.052627825853591666e-02 3.784010182908173719e-04
4.293882781751394262e+00 1.105820048959238119e-02 3.787322715289550331e-04
4.295676623838546426e+00 1.111180912912209523e-02 3.790279287860896383e-04
4.297470465925699479e+00 1.143902870378931541e-02 3.793210105771399219e-04
4.299264283190677105e+00 1.054009463198903908e-02 3.796286993737709912e-04
4.301057956947324179e+00 1.079227013469524592e-02 3.799496903346038026e-04
4.302851678641244071e+00 1.142677787147083381e-02 3.802738549746317647e-04
4.304645596767612936e+00 1.066522560179381136e-02 3.806134816332256755e-04
4.306439482533299667e+00 1.082221460038801375e-02 3.809543591219356111e-04
4.308233268506772795e+00 1.115036969520852121e-02 3.813269466185589037e-04
4.310027038000623811e+00 1.065447463911435404e-02 3.817134629125226546e-04
4.311820767863928872e+00 1.172579862418015283e-02 3.822562919939279319e-04
4.313614497727233932e+00 1.179979226770513402e-02 3.831177064281805853e-04
4.315408227590538992e+00 1.088892730897908674e-02 3.839938394874435981e-04
4.317201957453844052e+00 1.062904093322662204e-02 3.857163037358409810e-04
4.318995687317149113e+00 1.030779763251049759e-02 3.875354423005791327e-04
4.320789392493387560e+00 1.119177238814256063e-02 3.888081347201982488e-04
4.322583066250034634e+00 1.075485973990591461e-02 3.895511829363834059e-04
4.324376740006681707e+00 1.051787191681348259e-02 3.901456836105671871e-04
4.326170413763328781e+00 1.111408041355458481e-02 3.895688787832804869e-04
4.327964087519974967e+00 1.020118343224670279e-02 3.889850314854132927e-04
4.329757761276622041e+00 1.097221123374325473e-02 3.883302132702095340e-04
4.331551435033269115e+00 1.095201954563670629e-02 3.876479027350693382e-04
4.333345108789916189e+00 1.112848397040035707e-02 3.872177995850533089e-04
4.335138746930788045e+00 1.092405406239526158e-02 3.874190065428033121e-04
4.336932364584287214e+00 1.140511424598715171e-02 3.876290837493074682e-04
4.338725943895271442e+00 1.069311217987346622e-02 3.883146644133687875e-04
4.340519505449131010e+00 1.073914186707779390e-02 3.890832993409135761e-04
4.342313067002990579e+00 1.115754578710732338e-02 3.898379317887928539e-04
4.344106628556850147e+00 1.095428622083260972e-02 3.905728036791146322e-04
4.345900190110709715e+00 1.069866396530069416e-02 3.912952993766678246e-04
4.347693751664569284e+00 1.048549868809914298e-02 3.914756996243663766e-04
4.349487313218428852e+00 1.062368206975851381e-02 3.916499935736214252e-04
4.351280874772288421e+00 1.066618487580064424e-02 3.915488249350318234e-04
4.353074436326147989e+00 1.063455260426220648e-02 3.912615251126114408e-04
4.354867997880007557e+00 1.144841461520764749e-02 3.910025123890661209e-04
4.356661559433867126e+00 1.157160519948109353e-02 3.908800915447271733e-04
4.358455120987726694e+00 1.057678408330362148e-02 3.907611267459997037e-04
4.360248573160293795e+00 1.125703943985999211e-02 3.909364942896918446e-04
4.362042022525402629e+00 1.039339197261676326e-02 3.912179658004358469e-04
4.363835471890512352e+00 1.125948605730292887e-02 3.916429956503722498e-04
4.365628921255621187e+00 1.089914173571353805e-02 3.923830472113171044e-04
4.367422370620730021e+00 1.093894391370632373e-02 3.931331579014770957e-04
4.369215819985839744e+00 1.144855541866428815e-02 3.943368702393660967e-04
4.371009269350948578e+00 1.121454294714942755e-02 3.956171236690746726e-04
4.372802718716057413e+00 1.063479111207311228e-02 3.966276699725815725e-04
4.374596168081167136e+00 1.092033313458593176e-02 3.972848445805566143e-04
4.376389617446275970e+00 1.063482140284747329e-02 3.979356556510032475e-04
4.378183066811385693e+00 1.128486592739802105e-02 3.977449224137679859e-04
4.379976516176494528e+00 1.134753693566735097e-02 3.975476654559066268e-04
4.381769965541603362e+00 1.126497895525426819e-02 3.973186657079460908e-04
4.383563379660409431e+00 1.120958007422127173e-02 3.970649793425638373e-04
4.385356716850801639e+00 1.155986559524424008e-02 3.968439236029667528e-04
4.387150054041194736e+00 1.103174300327177185e-02 3.968580919861498042e-04
4.388943391231587832e+00 1.135417545947084612e-02 3.968751219905173894e-04
4.390736728421980040e+00 1.058176702160430922e-02 3.970240268817049230e-04
4.392530065612373136e+00 1.047783627160960365e-02 3.972395852064744483e-04
4.394323402802766232e+00 1.078446467278276408e-02 3.974796993260403346e-04
4.396116739993158440e+00 1.088207427850249737e-02 3.978024550342516494e-04
4.397910077183551536e+00 1.062956582652615709e-02 3.981274323532396544e-04
4.399703414373944632e+00 1.064998593973549845e-02 3.985602211261359083e-04
4.401496751564336840e+00 1.087984028919202276e-02 3.990277088954923695e-04
4.403290088754729936e+00 1.130115287961081828e-02 3.995256962705680238e-04
4.405083358172247721e+00 1.085664171772448422e-02 4.000873988051784763e-04
4.406876583201955633e+00 1.088042218320831034e-02 4.006513411078284218e-04
4.408669735059803862e+00 1.086916396344441912e-02 4.011403321002908690e-04
4.410462847942855369e+00 1.094153786240295405e-02 4.016172268263927384e-04
4.412256131968399941e+00 1.098938160505457708e-02 4.020354667552147963e-04
4.414049489144759697e+00 1.072062547741365821e-02 4.023645798172236919e-04
4.415842747388573741e+00 1.142167922822658402e-02 4.026937647374861473e-04
4.417635972418281654e+00 1.074340196821678937e-02 4.030214599528993786e-04
4.419429197447989566e+00 1.128694738819183314e-02 4.033497619427539030e-04
4.421222422477697478e+00 1.100038477765535004e-02 4.036749294909048420e-04
4.423015647507405390e+00 1.112919238006751348e-02 4.039965192582736938e-04
4.424808872537113302e+00 1.055024296070414432e-02 4.043194769781922296e-04
4.426601997385031240e+00 1.067853306005480882e-02 4.046836943253613399e-04
4.428395110268082746e+00 1.067083023930757123e-02 4.050502028954149395e-04
4.430188223151135141e+00 1.073579189743419787e-02 4.055501168544637324e-04
4.431981336034186647e+00 1.116202657327856548e-02 4.061660705302676754e-04
4.433774448917239042e+00 1.084186271266403614e-02 4.068002704517884819e-04
4.435567561800290548e+00 1.095086535171099600e-02 4.076205173406933732e-04
4.437360674683342054e+00 1.075570164341874135e-02 4.084448355484243350e-04
4.439153787566394449e+00 1.047294056385223923e-02 4.089785184023728951e-04
4.440946900449445955e+00 1.036429940158670876e-02 4.093100305242578407e-04
4.442740013332498350e+00 1.160996830980458479e-02 4.096085927198184293e-04
4.444533126215549856e+00 1.092576277232390654e-02 4.096786086179402962e-04
4.446326218703385180e+00 1.192965113760698775e-02 4.097483842291340045e-04
4.448119219453807283e+00 1.123644961429113090e-02 4.100049426057827615e-04
4.449912220204229385e+00 1.128368869969948764e-02 4.103692812215688191e-04
4.451705220954651487e+00 1.071977190428851680e-02 4.107700513595543309e-04
4.453498221705073590e+00 1.069280688795133140e-02 4.113513823486637561e-04
4.455291222455495692e+00 1.088972792509641796e-02 4.119359549335886305e-04
4.457084223205917795e+00 1.157110154876280980e-02 4.124500839892879874e-04
4.458877223956339897e+00 1.166974538763376583e-02 4.129300283032469451e-04
4.460670224706761999e+00 1.043479729220205855e-02 4.133940433704979276e-04
4.462463225457184102e+00 1.052292389400251264e-02 4.137863293641125609e-04
4.464256226207606204e+00 1.114782644222930830e-02 4.141822679618760222e-04
4.466049226958028306e+00 1.067816161076909007e-02 4.149785803777504534e-04
4.467842227708450409e+00 1.031471213656600175e-02 4.159577217507859294e-04
4.469635228458872511e+00 1.074862835496984484e-02 4.171540385057965171e-04
4.471428171165469756e+00 1.036307221718382222e-02 4.191511450566904945e-04
4.473221059797285903e+00 1.148783611745291325e-02 4.211736058466138176e-04
4.475013948429102051e+00 1.116217869433308064e-02 4.220153218931305627e-04
4.476806837060918198e+00 1.098040977065155646e-02 4.223637575942836204e-04
4.478599725692733458e+00 1.085032777134563656e-02 4.223975853793424671e-04
4.480392614324549605e+00 1.108438570607727172e-02 4.213341282161033041e-04
4.482185502956365752e+00 1.082278576005238011e-02 4.202754038024802334e-04
4.483978391588181900e+00 1.085571514924683033e-02 4.198892859970445733e-04
4.485771280219997159e+00 1.035615415283490381e-02 4.197719271799890792e-04
4.487564168851813307e+00 1.123245608979132892e-02 4.197681957193745688e-04
4.489357057483629454e+00 1.116051434077918944e-02 4.201605295455119755e-04
4.491149946115444713e+00 1.086129069673356234e-02 4.205575777892994836e-04
4.492942744524418330e+00 1.118839133508999981e-02 4.210201810984018768e-04
4.494735521051648419e+00 1.133411599887105929e-02 4.215109616356772239e-04
4.496528297578879396e+00 1.192266250889729290e-02 4.220128599644313552e-04
4.498321074106110373e+00 1.072304766345735967e-02 4.225515389208374406e-04
4.500113850633340462e+00 1.169962590697711836e-02 4.230927903334102827e-04
4.501906627160571439e+00 1.151314876355334811e-02 4.236687096379097785e-04
4.503699403687801528e+00 1.123108383085161949e-02 4.242614277348345266e-04
4.505492180215032505e+00 1.055946614294243219e-02 4.248495165518093942e-04
4.507284956742263482e+00 1.145115121476034462e-02 4.254091788685416338e-04
4.509077733269493571e+00 1.095553831487751026e-02 4.259707124974827959e-04
4.510870509796724548e+00 1.121915791829795200e-02 4.265293173860867405e-04
4.512663276102806265e+00 1.135908117652758079e-02 4.270878945988033871e-04
4.514455940539470191e+00 1.058108660318246054e-02 4.276858600581038596e-04
4.516248604976133230e+00 1.028650910399290033e-02 4.284853604524181182e-04
4.518041269412797156e+00 1.120755397106185276e-02 4.292920125000042960e-04
4.519833912958238997e+00 1.100312119834798846e-02 4.302618188784977041e-04
4.521626465318351329e+00 1.113281465032816761e-02 4.313307089916112481e-04
4.523419074797563333e+00 1.079354996471695860e-02 4.323159835256189763e-04
4.525211871374618333e+00 1.112964131592921076e-02 4.326118802495270321e-04
4.527004630771058302e+00 1.027165817211555567e-02 4.329019354881282269e-04
4.528797295207722229e+00 1.093844480266494175e-02 4.330472292434965707e-04
4.530589959644386155e+00 1.033471466488606987e-02 4.330900569150576435e-04
4.532382624081049194e+00 1.079189158942618805e-02 4.331562119952131842e-04
4.534175246311150431e+00 1.121961376891993448e-02 4.335598468304989266e-04
4.535967798671263651e+00 1.078035766370151471e-02 4.339672354042700794e-04
4.537760351031375983e+00 1.162202219883998362e-02 4.343948085754709577e-04
4.539552903391488314e+00 1.152871242133755164e-02 4.348405700284481402e-04
4.541345455751600646e+00 1.089217668259778726e-02 4.352888007713716129e-04
4.543138008111713866e+00 1.203189249033030823e-02 4.358483179817074986e-04
4.544930560471826197e+00 1.051746846418538314e-02 4.364115692970231444e-04
4.546723112831938529e+00 1.122389616975195438e-02 4.370302952789312245e-04
4.548515665192050861e+00 1.088468146820406254e-02 4.377133854866746467e-04
4.550308217552163192e+00 1.134543084009202556e-02 4.383995215467256898e-04
4.552100769912276412e+00 1.089662153702678805e-02 4.390275572865649681e-04
4.553893322272388744e+00 1.107077827560208790e-02 4.396525800951107932e-04
4.555685800503241900e+00 1.106575597582713961e-02 4.402468910420479658e-04
4.557478240800816316e+00 1.146725993197586675e-02 4.407909803771686472e-04
4.559270681098390732e+00 1.061289948345948107e-02 4.413386400198383917e-04
4.561063121395965148e+00 1.117769046577295894e-02 4.421281350073814876e-04
4.562855561693539563e+00 1.167085047179355732e-02 4.429680883740373817e-04
4.564648001991113979e+00 1.034695275333816396e-02 4.437913368111476775e-04
4.566440442288688395e+00 1.117628691013073348e-02 4.445685242110474574e-04
4.568232882586262811e+00 1.169240967455667350e-02 4.453469924298940168e-04
4.570025322883837227e+00 1.153815734163860657e-02 4.458368330256664235e-04
4.571817763181410754e+00 1.104373353816247121e-02 4.462300819998079736e-04
4.573610203478985170e+00 1.202853038521773006e-02 4.467235404828448931e-04
4.575402643776559586e+00 1.148527436478505998e-02 4.476056959204087644e-04
4.577194978112227197e+00 1.139682916029136246e-02 4.484980035471200911e-04
4.578987306361273824e+00 1.029394432823717460e-02 4.496615429974171207e-04
4.580779634610320450e+00 1.079934343551612261e-02 4.509822550208306786e-04
4.582571962859367076e+00 1.038691217235446218e-02 4.525039074537799666e-04
4.584364291108413703e+00 1.136526851609255019e-02 4.557731760954045631e-04
4.586156619357460329e+00 1.053231522723239305e-02 4.591304686980508332e-04
4.587948947606506955e+00 1.104494175128609666e-02 4.630392764364547778e-04
4.589741275855553582e+00 1.121295228377819191e-02 4.674750536681493169e-04
4.591533604104601096e+00 1.008125315951482158e-02 4.719891199720132506e-04
4.593325932353647723e+00 1.081679610264756931e-02 4.698605188603242845e-04
4.595118260602694349e+00 1.057195236856738052e-02 4.675371747635497888e-04
4.596910563181721976e+00 1.130622176330336494e-02 4.649310092808805052e-04
4.598702779396249163e+00 1.100200859569700623e-02 4.619281780531543733e-04
4.600494995610775462e+00 1.100181283092713409e-02 4.589941851424361621e-04
4.602287211825302649e+00 1.093046474715988342e-02 4.581037910908698015e-04
4.604079428039828947e+00 1.123750649111959765e-02 4.575985120044633275e-04
4.605871644254356134e+00 1.049622928686549418e-02 4.573458545978063730e-04
4.607663860468883321e+00 1.128624341731348200e-02 4.577294362232278767e-04
4.609456076683409620e+00 1.102302871471399874e-02 4.581212381743835632e-04
4.611248292897936807e+00 1.147627585199223130e-02 4.588101215878307663e-04
4.613040509112463106e+00 1.119500939974015646e-02 4.596274604899682555e-04
4.614832673268628227e+00 1.144313664304747076e-02 4.604293193939990882e-04
4.616624777462640772e+00 1.111454153574992394e-02 4.611059721645260293e-04
4.618416881656652428e+00 1.110143480762040835e-02 4.617834602566324009e-04
4.620208985850664973e+00 1.203072532955174086e-02 4.623123275988532516e-04
4.622001090044676630e+00 1.124524560934683434e-02 4.627216039121539851e-04
4.623793194238689175e+00 1.010194334486227107e-02 4.631317269952988486e-04
4.625585298432700831e+00 1.150056241897668384e-02 4.636502931933304751e-04
4.627377402626713376e+00 1.107673288654789298e-02 4.641736228293919181e-04
4.629169433712958970e+00 1.097099855841817719e-02 4.646912450797725976e-04
4.630961425900459005e+00 1.121919740089510030e-02 4.651992824699881170e-04
4.632753588885068829e+00 1.133175829308054328e-02 4.657096242500653456e-04
4.634545825213193915e+00 1.086604052505626104e-02 4.663000464694544824e-04
4.636337879300117315e+00 1.121112152657177848e-02 4.669122922218143373e-04
4.638129871487617351e+00 1.046441137859635030e-02 4.676532845367351596e-04
4.639921863675117386e+00 1.195410061613458655e-02 4.688227820514755855e-04
4.641713855862617422e+00 1.167907507863202680e-02 4.700117556746714886e-04
4.643505848050117457e+00 1.136835323270863653e-02 4.721798867929770296e-04
4.645297840237617493e+00 1.060472598375442228e-02 4.749474907089190059e-04
4.647089832425117528e+00 1.073900079367603143e-02 4.778258226915726081e-04
4.648881824612617564e+00 1.136486563167943276e-02 4.818424879615836411e-04
4.650673816800117599e+00 1.157575339706724132e-02 4.859566994791847589e-04
4.652465808987617635e+00 1.070157864355102476e-02 4.886076640988905231e-04
4.654257801175117670e+00 1.007874940554681284e-02 4.893812851235222272e-04
4.656049790259308985e+00 1.089381686297421527e-02 4.901157536706026580e-04
4.657841670454296867e+00 1.079887739381510045e-02 4.872754103438529309e-04
4.659633550649284750e+00 1.146112111666837234e-02 4.838647646977913908e-04
4.661425430844272633e+00 1.027372685388523027e-02 4.813321084718193144e-04
4.663217311039260515e+00 1.072029199975003781e-02 4.811760873024960045e-04
4.665009191234248398e+00 1.072061536376737664e-02 4.810517970284948247e-04
4.666801071429236281e+00 1.053535844726231734e-02 4.826721902631661868e-04
4.668592951624224163e+00 1.130517127146260341e-02 4.852714698180158269e-04
4.670384831819212046e+00 1.112805917595068202e-02 4.878331356688297028e-04
4.672176712014199929e+00 1.042289945750373564e-02 4.888579119406774717e-04
4.673968592209187811e+00 1.038706997804561202e-02 4.898667029081795127e-04
4.675760472404175694e+00 1.158721600384550812e-02 4.895350208797464263e-04
4.677552318084300609e+00 1.198130760004554457e-02 4.875019384048184172e-04
4.679344086300774030e+00 1.141345218074555148e-02 4.854892757411305307e-04
4.681135854517246564e+00 1.050254909491895108e-02 4.845750271568448624e-04
4.682927622733719986e+00 1.217524452667745338e-02 4.838990179888872181e-04
4.684719390950192519e+00 1.084634438948092749e-02 4.834688156804916020e-04
4.686511159166665941e+00 1.169306204787760178e-02 4.839010677455004130e-04
4.688302927383138474e+00 1.105791589005316114e-02 4.843430544649066321e-04
4.690094695599611896e+00 1.100521874486480069e-02 4.850347952490927247e-04
4.691886463816084429e+00 1.110558182905231443e-02 4.858979098133705838e-04
4.693678232032557851e+00 1.104460742479026342e-02 4.867676219620123662e-04
4.695470000249030385e+00 1.118622754777076796e-02 4.877357523032520748e-04
4.697261768465503806e+00 1.104344189518219853e-02 4.887105499535711285e-04
4.699053470845417024e+00 9.943970663163465007e-03 4.894767651684562388e-04
4.700845127097370124e+00 1.039379381525467987e-02 4.898674781568619283e-04
4.702636783349322336e+00 1.093773442470602660e-02 4.902565482293819252e-04
4.704428439601275436e+00 1.153876069993363916e-02 4.906828211409560011e-04
4.706220095853227647e+00 1.024710741288660520e-02 4.911240801348298792e-04
4.708011752105180747e+00 1.146171157051104582e-02 4.916151028201063127e-04
4.709803408357133847e+00 1.170516115053129268e-02 4.924803984650743052e-04
4.711595064609086059e+00 1.160081065013354208e-02 4.933529781526989908e-04
4.713386720861039159e+00 1.077530989787114403e-02 4.942477674003249938e-04
4.715178377112992258e+00 1.061417774777913964e-02 4.951666163580875158e-04
4.716969941503195152e+00 1.021591373627696309e-02 4.960883336148066763e-04
4.718761485804620293e+00 1.114645937965686937e-02 4.967294641522458339e-04
4.720553030106044545e+00 1.114709697077922133e-02 4.973191990740447651e-04
4.722344574407469686e+00 1.065212194021676433e-02 4.978457134952518279e-04
4.724136118708893939e+00 1.121812597296547795e-02 4.981417238528867151e-04
4.725927663010318192e+00 1.164812424223452686e-02 4.984372469115194541e-04
4.727719207311743332e+00 1.128829771394758603e-02 4.988090771567532233e-04
4.729510751613167585e+00 1.150804797952178181e-02 4.992374347500121720e-04
4.731302295914592726e+00 1.075374167728921845e-02 4.996695957013697455e-04
4.733093840216016979e+00 1.144938730996507802e-02 5.004003967982504188e-04
4.734885384517442120e+00 1.128661424931109991e-02 5.011564834012408000e-04
4.736676906684361477e+00 1.175589519777723961e-02 5.019108756079069785e-04
4.738468227126695353e+00 1.099246188746673576e-02 5.026562715360648800e-04
4.740259582960916873e+00 1.096803299264010982e-02 5.034041370336081412e-04
4.742051147452357895e+00 1.055770162454289403e-02 5.040725911469166225e-04
4.743842686686207344e+00 1.162403538877845519e-02 5.046985721847350699e-04
4.745634119051093336e+00 1.180292424641390080e-02 5.053251822950617948e-04
4.747425551415979328e+00 1.017497604503949694e-02 5.058342854985943115e-04
4.749216983780865320e+00 1.048564894309294247e-02 5.063437161548123462e-04
4.751008416145751312e+00 1.189890907007476809e-02 5.068175890529317672e-04
4.752799848510637304e+00 1.122203064221600176e-02 5.072251823114197955e-04
4.754591243945999857e+00 1.050830552710998664e-02 5.076339899381321829e-04
4.756382564388333734e+00 1.008222847990149565e-02 5.081493650940274416e-04
4.758173884830667610e+00 1.176333563357868060e-02 5.087123906879985856e-04
4.759965205273002375e+00 1.116791381615312752e-02 5.092790547284083971e-04
4.761756525715336252e+00 1.054123859881109238e-02 5.098728438049050446e-04
4.763547846157670129e+00 1.072545375143123605e-02 5.104688682873693376e-04
4.765339166600004006e+00 1.125720393342567911e-02 5.110438341182039568e-04
4.767130487042338771e+00 1.088321463162592734e-02 5.115839617513078495e-04
4.768921807484672648e+00 1.115220932244929616e-02 5.121248798760292186e-04
4.770713127927006525e+00 1.125198325453550044e-02 5.125914523960783476e-04
4.772504448369341290e+00 1.172100155302855697e-02 5.130299702906046143e-04
4.774295768811675167e+00 1.137252419315620475e-02 5.134798645875347659e-04
4.776087021346600459e+00 1.119357341390166474e-02 5.140782522981718903e-04
4.777878229880367478e+00 1.091824556187714554e-02 5.146805338390636649e-04
4.779669438414133609e+00 1.084687344853062577e-02 5.153965668437831714e-04
4.781460646947899740e+00 1.111414330064419698e-02 5.162873986397685869e-04
4.783251855481666759e+00 1.077477273370135331e-02 5.171843426161181617e-04
4.785043064015432890e+00 1.023170681680787147e-02 5.181282523891643337e-04
4.786834272549199909e+00 1.156691777052227046e-02 5.190933677792557112e-04
4.788625481082966040e+00 1.097928768939935955e-02 5.200383585470724681e-04
4.790416689616732171e+00 1.098549561518375600e-02 5.205778981124181345e-04
4.792207898150499190e+00 9.949416514424871613e-03 5.211174065300865901e-04
4.793999106684265321e+00 1.162615670025315441e-02 5.218269560277995428e-04
4.795790315218032340e+00 1.057968008610732716e-02 5.228164368152182773e-04
4.797581424956200102e+00 1.145863418940758736e-02 5.238122393166166728e-04
4.799372521595380192e+00 1.093753374767221682e-02 5.246639135911953990e-04
4.801163618234561170e+00 1.128368114670831764e-02 5.254545865777748110e-04
4.802954714873741260e+00 1.105778198466025875e-02 5.262392978335976969e-04
4.804745811512922238e+00 1.095601932891034427e-02 5.267060204210503166e-04
4.806536908152102328e+00 1.004657488220895081e-02 5.271743927313735090e-04
4.808328004791282417e+00 1.030266945682043259e-02 5.280573914668987897e-04
4.810119101430463395e+00 1.095110771127745519e-02 5.297564066848522860e-04
4.811910198069643485e+00 1.098616273224616892e-02 5.314722168732970544e-04
4.813701282130449677e+00 1.097812804812298496e-02 5.324454395442801934e-04
4.815492266889023654e+00 1.041434594651139550e-02 5.330119749946530573e-04
4.817283251647596742e+00 1.118107492339659274e-02 5.335710206613395465e-04
4.819074236406169831e+00 1.052906928835280198e-02 5.333367497438728112e-04
4.820865221164742920e+00 1.267885421036941615e-02 5.330683262439162538e-04
4.822656205923316897e+00 1.077152667149092018e-02 5.330700032659842344e-04
4.824447190681889985e+00 1.122407475817347768e-02 5.337849036458593502e-04
4.826238175440463074e+00 1.132303293052101291e-02 5.345078604684882747e-04
4.828029160199036163e+00 1.067071377684662356e-02 5.352171870950342848e-04
4.829820144957609251e+00 9.923631889559613936e-03 5.359172563907897962e-04
4.831611129716183228e+00 1.120748308954933742e-02 5.366176045125430798e-04
4.833402114474756317e+00 1.069058108647928836e-02 5.370199909447691830e-04
4.835193055931439332e+00 1.067715097292645104e-02 5.373805155036924215e-04
4.836983928823381795e+00 1.125501622854870910e-02 5.377653334834713592e-04
4.838774801715324259e+00 1.093937583335011059e-02 5.382549418317325585e-04
4.840565674607266722e+00 9.849905055188899403e-03 5.387485551232550074e-04
4.842356547499209185e+00 1.045537726792591937e-02 5.394837352061059542e-04
4.844147420391151648e+00 1.043977827772115882e-02 5.404830981693387829e-04
4.845938234666950173e+00 1.123416187000173504e-02 5.414872912460467038e-04
4.847728995706234834e+00 1.105168817530962494e-02 5.421740868810640598e-04
4.849519895707620876e+00 1.086625268715570893e-02 5.427675651867195717e-04
4.851310900719799868e+00 1.175882213414213527e-02 5.433780413485231981e-04
4.853101755661249683e+00 1.166323943042515444e-02 5.441867517948758073e-04
4.854892516700535232e+00 1.018396865014374771e-02 5.450003595824673376e-04
4.856683277739820781e+00 1.128943042273907252e-02 5.458040219003412350e-04
4.858474038779106330e+00 1.042206670969580279e-02 5.465870154320584800e-04
4.860264799818391879e+00 1.019690035931106534e-02 5.473684790365644388e-04
4.862055560857677428e+00 1.120260738558225000e-02 5.475561496315910128e-04
4.863846321896962976e+00 1.078295323338968915e-02 5.474118902383017307e-04
4.865637082936248525e+00 1.075419204125861207e-02 5.472696909439969714e-04
4.867427843975534074e+00 9.901331150900206587e-03 5.477269375967388620e-04
4.869218605014819623e+00 1.117052846180555462e-02 5.482364800000195633e-04
4.871009271799430884e+00 1.091508067589362641e-02 5.488177627264495453e-04
4.872799921000030565e+00 1.131271844128583191e-02 5.496579477638021717e-04
4.874590570200630246e+00 1.110640757464228384e-02 5.505035162422514594e-04
4.876381219401229927e+00 1.030949938122826398e-02 5.512858647985574090e-04
4.878171868601829608e+00 1.202486669086353863e-02 5.520009298335888962e-04
4.879962517802428401e+00 1.114532718296913985e-02 5.527169056103635805e-04
4.881753167003028082e+00 1.077935766114499448e-02 5.532782510667774321e-04
4.883543816203627763e+00 1.115603699258784463e-02 5.537918749550247571e-04
4.885334465404227444e+00 1.122478774794546073e-02 5.543048399604532262e-04
4.887125114604827125e+00 1.093803363369924911e-02 5.547859475126396597e-04
4.888915763805426806e+00 1.140859042049772142e-02 5.552675890226290876e-04
4.890706400119974262e+00 1.125403497207022076e-02 5.557280631413080620e-04
4.892496937495856457e+00 1.034222294390363742e-02 5.561397657412761424e-04
4.894287474871738652e+00 1.107172028972148309e-02 5.565522984772849685e-04
4.896078012247620848e+00 1.053872804443942851e-02 5.569832632157586949e-04
4.897868549623503043e+00 1.146209263675921318e-02 5.574282114360074860e-04
4.899659086999385238e+00 1.100010746129399808e-02 5.578756062531373128e-04
4.901449624375267433e+00 1.108352646465524984e-02 5.585079073600532741e-04
4.903240161751149628e+00 1.087218155573388759e-02 5.591786596879330965e-04
4.905030699127031824e+00 1.055034021516679937e-02 5.598648973749639204e-04
4.906821236502913131e+00 9.204413956317610002e-03 5.606595700281927523e-04
4.908611735675878940e+00 1.126666999986908335e-02 5.614584677159644051e-04
4.910402161241009367e+00 1.071823122540908196e-02 5.622650782462968637e-04
4.912192586806139794e+00 9.975313298388547786e-03 5.630828231762761808e-04
4.913983012371270220e+00 1.113673119843949962e-02 5.639041639456818461e-04
4.915773437936400647e+00 1.094979585330803536e-02 5.647378771963644257e-04
4.917563863501531074e+00 1.044368063172244031e-02 5.655806440327673179e-04
4.919354289066662389e+00 9.926361659465180245e-03 5.664268911620238146e-04
4.921144714631792816e+00 1.090878094918546100e-02 5.672457059675205205e-04
4.922935140196923243e+00 1.068850935698106158e-02 5.680628888102935226e-04
4.924725565762053670e+00 1.038013305863627264e-02 5.688323261334231285e-04
4.926515991327184096e+00 1.118415317146023713e-02 5.692570537477342242e-04
4.928306416892314523e+00 1.121698085800195734e-02 5.696794675736723988e-04
4.930096773962806544e+00 1.058944057669149001e-02 5.700345552953655411e-04
4.931887087731148256e+00 1.072138017655942938e-02 5.702752707311734524e-04
4.933677401499490855e+00 1.059114156780821374e-02 5.705165819259980274e-04
4.935467715267832567e+00 1.136205716589326446e-02 5.709099560136277236e-04
4.937258029036175166e+00 1.119350964588067786e-02 5.713995681228249300e-04
4.939048342804516878e+00 1.085031132172475238e-02 5.718918909074254594e-04
4.940838656572859477e+00 1.125777473196552629e-02 5.724866400861173361e-04
4.942628970341201189e+00 1.142260769149641524e-02 5.731007832504441020e-04
4.944419284109543788e+00 1.063326977007521268e-02 5.737181856216599408e-04
4.946209597877885500e+00 1.087517392065500375e-02 5.743476653068675490e-04
4.947999817984444881e+00 1.090533316648560451e-02 5.749791773181710903e-04
4.949790019969959154e+00 9.964610476880242373e-03 5.756057954766588027e-04
4.951580221955473426e+00 1.006404872091024721e-02 5.762207874151594519e-04
4.953370423940988587e+00 1.073840209068617317e-02 5.768380003177955764e-04
4.955160625926502860e+00 1.218956836646338353e-02 5.775128364770837483e-04
4.956950827912017132e+00 1.111719477481891774e-02 5.782324389606990911e-04
4.958740921184841888e+00 1.127589155950603668e-02 5.789559210907248808e-04
4.960531015658695253e+00 1.061220823899245748e-02 5.798157088881735486e-04
4.962321349756841471e+00 9.881385590007483316e-03 5.807138149554667795e-04
4.964111668671934652e+00 1.015657056795782505e-02 5.816186275778174051e-04
4.965901758888579209e+00 1.054892322662957273e-02 5.825878370818217975e-04
4.967691849105224655e+00 1.108856596205748044e-02 5.835619385154145996e-04
4.969481939321869213e+00 1.118710607081131909e-02 5.844743731058520695e-04
4.971272029538513770e+00 1.099954225626713356e-02 5.851996418812960591e-04
4.973062119755158328e+00 1.146049354124031514e-02 5.859237509585202156e-04
4.974852209971803774e+00 1.080803403956248632e-02 5.863792916609202868e-04
4.976642300188448331e+00 9.781397042605879596e-03 5.865389724115709167e-04
4.978432390405092889e+00 1.137397263031297324e-02 5.866984657394777722e-04
4.980222480621738335e+00 1.064256604590118824e-02 5.871073149807775867e-04
4.982012538847993000e+00 1.091629724971446627e-02 5.876269657959375288e-04
4.983802517309723790e+00 1.146511019284595853e-02 5.881484948002004129e-04
4.985592495771453692e+00 1.056280787467002436e-02 5.886324919254523700e-04
4.987382474233184482e+00 1.065284575103874788e-02 5.891138915423531222e-04
4.989172452694915272e+00 9.919999193010314853e-03 5.896029096236158479e-04
4.990962431156646062e+00 1.045956867736322696e-02 5.901356476535088262e-04
4.992752409618375964e+00 1.077296581858721430e-02 5.906711632852330689e-04
4.994542388080106754e+00 1.065254666048892976e-02 5.913564677363426260e-04
4.996332366541837544e+00 1.133748584663525627e-02 5.923302369235662309e-04
4.998122345003568334e+00 1.042002957350452765e-02 5.933081346375923808e-04
4.999912323465298236e+00 9.850564919104210296e-03 5.939166774556281590e-04
5.001702301927029026e+00 1.112605683792958731e-02 5.942178429436428041e-04
5.003492218448365669e+00 1.111875368681145004e-02 5.945160609055280283e-04
5.005282085169135087e+00 1.117546640423424352e-02 5.946946409094508315e-04
5.007071951889903616e+00 1.084407982321553866e-02 5.948334396094075941e-04
5.008861818610673033e+00 1.041896458305774202e-02 5.949751919434116600e-04
5.010651685331442451e+00 1.194302734196204044e-02 5.955028518962640670e-04
5.012441552052210980e+00 1.086596786694414736e-02 5.960529657787244813e-04
5.014231418772980398e+00 1.054823594549105306e-02 5.966901820532788999e-04
5.016021285493749815e+00 1.169070076913162476e-02 5.977710485009767602e-04
5.017811152214518344e+00 1.034561874296714007e-02 5.988621575249744285e-04
5.019601018935287762e+00 1.097805697692815809e-02 6.001076509938365342e-04
5.021390798833039959e+00 1.048250553753589907e-02 6.016300950580290730e-04
5.023180553826797734e+00 1.074478710362431269e-02 6.031620923855135962e-04
5.024970308820555509e+00 1.160205538710299029e-02 6.042490069866042826e-04
5.026760063814313284e+00 1.100866640849565078e-02 6.049645719460125136e-04
5.028549818808071059e+00 1.248641366944065224e-02 6.056761786152737009e-04
5.030339573801828834e+00 1.012132659261598226e-02 6.059342020331014329e-04
5.032129328795586609e+00 1.061737819306612755e-02 6.060297194850045683e-04
5.033919083789344384e+00 1.133582470915593492e-02 6.061338822057661408e-04
5.035708838783102159e+00 1.086604466512581559e-02 6.074881163102495126e-04
5.037498593776859934e+00 1.140104009067944429e-02 6.089564586976989801e-04
5.039288237139374793e+00 1.106301981863685308e-02 6.103524416257882258e-04
5.041077880420068880e+00 1.028032237752657743e-02 6.111498544824486238e-04
5.042867523700762966e+00 1.137813164181656830e-02 6.119438840323890598e-04
5.044657166981457053e+00 1.043745408374128526e-02 6.125334852390413969e-04
5.046446810262151139e+00 1.224841746108743662e-02 6.126428929378916442e-04
5.048236453542845226e+00 1.109092896473143179e-02 6.127500122575257370e-04
5.050026096823539312e+00 1.051352349360814252e-02 6.130244790443837959e-04
5.051815740104234287e+00 1.135819946331645576e-02 6.134820472384989662e-04
5.053605383384928373e+00 1.084477202748606109e-02 6.139425068549499631e-04
5.055395001999642091e+00 1.052220210267785713e-02 6.144685216313654479e-04
5.057184533581217778e+00 1.183986823821334133e-02 6.150301383328808744e-04
5.058974065162792577e+00 1.109586050642479872e-02 6.155938576198761569e-04
5.060763596744368265e+00 1.029881199433780974e-02 6.161957271405547366e-04
5.062553128325943952e+00 1.078796479886047315e-02 6.168072938756955122e-04
5.064342659907518751e+00 1.217839041126505401e-02 6.174220789699984670e-04
5.066132152020272450e+00 1.065923363571715486e-02 6.182061577291025076e-04
5.067921571916671475e+00 1.026265214583998303e-02 6.189944361068172064e-04
5.069711088710143088e+00 1.122677971939270956e-02 6.198191376003874334e-04
5.071500752396718603e+00 1.060901681089678958e-02 6.208059892679360049e-04
5.073290308443026753e+00 1.088136890284101092e-02 6.217991793293431782e-04
5.075079728339425778e+00 1.051425799477501144e-02 6.228754984973453469e-04
5.076869148235824802e+00 1.122503350829749495e-02 6.241120144953870045e-04
5.078658568132223827e+00 1.145259779395684657e-02 6.253587917495954766e-04
5.080447988028622852e+00 1.171497488744605193e-02 6.268449669002664404e-04
5.082237407925020989e+00 1.081383706649672628e-02 6.285769609082789925e-04
5.084026827821420014e+00 1.140655764209585164e-02 6.303242575592063078e-04
5.085816247717819039e+00 1.079320946325707485e-02 6.320518299087061120e-04
5.087605667614218063e+00 1.088658236804315206e-02 6.337751457618514238e-04
5.089395087510617088e+00 1.037717867643189046e-02 6.355131050822211214e-04
5.091184433495707040e+00 1.071514486669164143e-02 6.374107514444214825e-04
5.092973741720869363e+00 1.287514996686972384e-02 6.393595588668456392e-04
5.094763049946031686e+00 1.058646875177846579e-02 6.413402853419731490e-04
5.096552358171193120e+00 1.114444749412762427e-02 6.452006306524793108e-04
5.098341666396355443e+00 1.098471508032493153e-02 6.492002356205798554e-04
5.100130974621517765e+00 1.084922203298190578e-02 6.528364218888234186e-04
5.101920282846680088e+00 9.909755683324680819e-03 6.534898203463458026e-04
5.103709591071842411e+00 1.083226289706168757e-02 6.541157253973337070e-04
5.105498899297004733e+00 1.074676381040788956e-02 6.539229240108134248e-04
5.107288207522167056e+00 1.188323874667767885e-02 6.515548798950158331e-04
5.109077417311169711e+00 1.130084686337723236e-02 6.492019048604844673e-04
5.110866613879032627e+00 9.948665116995472971e-03 6.477956935042451878e-04
5.112655810446895543e+00 1.150065364646848248e-02 6.476941351042338809e-04
5.114445007014758460e+00 1.044354770500088327e-02 6.476103398235082695e-04
5.116234203582620488e+00 1.113578600823681222e-02 6.485334858747166193e-04
5.118023400150483404e+00 1.098791204161910472e-02 6.502716473268685491e-04
5.119812596718346320e+00 1.205260889145664052e-02 6.520388036811872135e-04
5.121601793286209237e+00 1.181750649858804604e-02 6.550117616793966861e-04
5.123390989854071265e+00 1.230339940168664360e-02 6.585602871777951990e-04
5.125180175178553732e+00 1.058024130028613688e-02 6.621636980209828207e-04
5.126969260103050985e+00 1.158433666204467666e-02 6.651461179473702181e-04
5.128758345027549126e+00 1.132223217746051482e-02 6.680255433200327784e-04
5.130547429952046379e+00 1.070053869290252778e-02 6.709060408739281334e-04
5.132336514876544520e+00 1.087090972269288622e-02 6.694433380066434338e-04
5.134125599801041773e+00 1.085060729047960387e-02 6.678088354318936814e-04
5.135914684725539914e+00 1.061238447204053414e-02 6.662692008946725745e-04
5.137703769650037167e+00 1.125947988690879399e-02 6.654629872628489663e-04
5.139492854574535308e+00 1.095196462633057227e-02 6.646678595733414036e-04
5.141281939499032561e+00 1.085212987582460410e-02 6.642077205889088468e-04
5.143070988789867570e+00 1.169436775227087992e-02 6.648631528534255757e-04
5.144859962084932015e+00 1.064433820589572900e-02 6.655304339271867235e-04
5.146648935379996459e+00 1.101564253846249244e-02 6.663758704658505252e-04
5.148437908675060903e+00 1.115058791813897977e-02 6.675492253675134168e-04
5.150226881970125348e+00 1.078112412999135926e-02 6.687312939543974899e-04
5.152015855265190680e+00 1.107889883937437925e-02 6.700038809030249651e-04
5.153804828560255125e+00 1.147581372553240810e-02 6.713783062221869661e-04
5.155593801855319569e+00 1.022525464911152454e-02 6.727629349928141095e-04
5.157382775150384013e+00 9.791309600792318449e-03 6.743022514500566274e-04
5.159171748445448458e+00 1.068765336485270369e-02 6.759542164770610895e-04
5.160960661790779724e+00 1.106069192515519301e-02 6.776198534175034054e-04
5.162749523470340662e+00 1.103173116234811013e-02 6.794496476278569881e-04
5.164538385149901600e+00 1.082988044908616415e-02 6.813579272494981603e-04
5.166327246829461650e+00 1.063393915795227650e-02 6.832802458727955160e-04
5.168116108509022588e+00 1.132425502801141966e-02 6.849737002820099679e-04
5.169904970188583526e+00 1.139065409246716246e-02 6.866239121681350002e-04
5.171693831868144464e+00 1.194743744377976293e-02 6.882779000839895972e-04
5.173482693547705402e+00 1.171004416483259480e-02 6.890121383411463955e-04
5.177060225963503015e+00 1.101233031129326100e-02 4.841014897402999280e-04
